38 38
2 2
4 5
4 10
2 9
7 8
5 1
10 7
4 4
5 5
3 2
1 2
1 8
2 3
3 2
7 6
10 10
5 9
6 5
3 8
8 8
7 9
9 4
4 6
4 8
9 3
1 10
4 8
4 7
2 7
7 1
4 9
2 7
1 2
2 2
2 9
10 9
4 4
5 1
20 19 81
15 19 81
18 19 74
19 15 54
15 20 88
17 11 56
20 13 53
11 13 63
15 12 96
12 13 70
15 13 80
19 11 57
16 17 93
14 12 75
17 10 73
15 16 54
11 16 87
11 17 50
15 19 51
19 14 91
11 14 50
14 13 56
19 19 67
11 15 72
13 18 85
14 19 65
11 12 100
17 17 55
15 12 91
18 17 98
20 15 72
17 11 87
11 17 89
12 13 67
20 19 87
13 16 99
12 18 82
14 10 55
