39 39
10 5
3 6
5 5
1 10
5 5
4 4
5 4
9 7
6 5
6 10
8 3
6 6
5 3
10 7
3 3
10 2
1 5
10 9
1 1
9 1
2 1
7 8
4 4
10 2
6 3
6 5
7 3
4 3
6 2
4 5
2 8
8 4
3 2
7 5
8 3
3 3
10 3
2 4
4 8
17 12 92
13 20 82
14 12 86
15 17 85
18 10 63
16 14 91
14 17 73
10 12 92
16 10 65
14 14 93
13 13 92
11 14 60
16 10 79
19 14 67
19 19 84
13 15 82
17 16 77
17 13 95
15 13 91
15 19 77
17 15 86
15 12 99
14 11 78
11 19 73
15 14 96
11 10 80
20 13 57
18 14 50
18 12 53
12 20 76
19 13 95
16 18 56
17 12 58
16 13 56
16 20 91
11 10 69
10 13 54
14 13 86
20 15 80
