40 40
4 7
2 5
6 3
7 4
7 10
5 2
10 8
7 8
10 8
7 1
6 2
9 2
4 7
9 1
4 1
8 2
9 6
4 2
6 8
3 2
9 10
4 1
1 9
1 4
3 9
7 3
8 10
6 5
7 1
2 1
9 4
9 4
6 3
9 1
6 1
7 10
1 3
3 9
5 3
9 1
18 14 63
13 13 72
17 14 90
15 19 95
16 16 99
16 10 67
10 16 92
16 20 82
20 13 66
14 16 58
15 11 82
14 11 92
17 16 88
10 14 95
15 13 79
14 19 59
10 11 81
13 18 62
13 11 69
13 15 99
16 16 78
18 20 65
16 17 91
12 16 99
16 12 85
16 20 84
11 17 51
16 19 79
13 13 77
15 11 85
14 18 53
17 10 79
15 13 80
10 11 83
14 14 68
14 18 56
14 17 68
18 16 90
17 15 61
15 16 71
