41 41
2 2
7 9
3 4
9 7
3 7
9 1
4 8
8 5
5 10
1 2
5 8
10 9
5 7
7 4
2 5
4 2
9 9
6 2
3 4
1 8
3 9
9 8
10 1
4 2
6 7
4 6
6 4
3 8
10 6
5 6
3 9
3 2
8 6
5 9
4 8
9 9
8 2
5 9
7 6
5 2
7 9
13 11 69
15 20 87
17 17 93
13 16 71
16 19 52
19 18 87
20 13 67
19 12 86
17 20 70
11 18 83
10 19 67
15 10 91
14 19 74
11 14 55
14 11 87
16 17 66
15 14 54
11 14 86
12 16 61
15 19 78
20 11 74
14 13 56
14 15 58
17 14 66
17 19 59
17 19 64
17 12 88
13 13 74
16 18 100
16 14 75
19 12 99
18 20 92
11 13 68
16 19 82
13 12 79
13 18 52
13 17 70
13 16 73
11 19 82
17 14 65
14 15 80
