42 42
9 6
7 9
7 4
8 10
8 8
9 3
2 3
2 9
8 1
9 10
8 5
10 4
8 10
2 7
2 5
7 5
10 6
7 1
7 9
7 1
8 1
8 1
3 9
10 6
8 9
8 2
7 2
5 8
1 2
3 4
1 1
8 1
1 4
9 4
5 8
4 2
3 10
8 7
4 1
10 2
10 9
7 3
16 15 60
10 17 83
14 20 52
16 16 76
18 17 96
17 13 63
18 19 82
13 17 65
11 19 87
18 10 51
15 14 76
15 15 65
14 15 59
14 11 54
13 11 59
13 14 74
20 19 96
18 14 98
15 11 80
10 20 61
13 20 70
14 18 91
11 16 84
12 15 61
13 16 56
12 12 60
13 17 69
15 19 81
12 17 100
13 19 79
14 19 69
10 11 98
17 10 85
13 15 100
19 12 53
19 14 50
18 11 95
15 11 79
11 10 74
12 14 65
10 14 89
14 12 51
