43 43
2 6
4 5
6 7
6 3
3 8
5 2
5 7
1 4
7 5
10 2
9 1
8 10
5 4
6 9
2 5
4 3
6 10
10 1
2 8
7 3
3 1
2 3
3 10
3 2
10 7
1 7
3 5
3 1
3 5
7 8
6 10
10 9
8 6
3 4
9 2
4 1
5 4
8 4
9 3
5 6
6 8
10 10
10 4
17 18 85
17 15 67
20 19 91
12 10 87
20 20 66
11 15 94
16 17 72
17 13 60
14 17 71
15 19 70
16 17 68
10 16 56
20 11 76
10 15 53
16 18 89
19 10 57
14 14 71
13 10 57
16 14 96
18 16 77
18 16 71
13 18 90
10 12 59
16 18 77
17 16 66
12 13 67
10 17 64
10 18 79
18 10 91
18 15 86
13 11 56
16 15 83
10 12 93
12 11 63
12 11 97
11 16 92
12 12 97
20 10 51
13 14 52
10 17 92
15 16 67
18 10 84
18 20 91
