44 44
1 1
9 1
6 6
1 10
8 4
7 6
3 2
8 6
8 5
8 3
10 1
4 3
4 10
6 3
2 2
2 10
10 9
6 1
7 9
4 7
7 10
4 7
9 6
9 2
2 5
10 5
6 1
1 4
6 9
7 10
8 5
9 8
2 5
5 7
3 1
1 3
9 4
8 1
3 10
8 8
5 2
8 6
3 8
5 9
12 15 90
20 13 69
15 10 71
19 15 67
12 17 63
20 14 94
10 20 97
15 10 69
16 16 52
19 16 80
20 18 76
17 18 79
15 12 94
14 14 50
15 10 55
17 13 50
14 10 56
15 18 72
15 10 78
18 18 53
17 12 60
14 10 83
12 19 82
13 20 66
12 11 69
14 14 79
19 18 79
19 19 98
12 18 68
13 10 59
15 10 72
16 11 54
10 11 84
13 10 96
19 14 92
19 14 63
18 13 90
16 13 67
11 13 66
13 20 69
18 20 89
17 19 81
13 19 92
17 10 60
