45 45
10 4
8 9
5 3
7 4
10 9
6 3
7 5
10 2
4 1
8 1
1 9
3 7
3 6
7 4
1 10
1 6
9 1
6 6
10 1
4 6
7 2
9 10
10 3
7 8
10 10
3 10
5 8
7 3
4 7
4 8
10 9
6 5
5 8
3 3
7 1
10 6
1 5
7 9
8 10
1 6
5 9
4 6
5 10
5 6
1 7
18 20 84
14 16 94
20 18 63
17 12 96
16 14 63
20 14 83
16 16 75
19 19 66
20 10 56
17 16 55
10 15 71
15 18 78
12 13 82
11 17 82
11 11 50
17 15 52
16 16 64
15 10 71
12 16 78
13 12 61
19 12 76
15 15 99
17 12 87
12 19 81
15 15 65
10 17 57
14 15 66
19 17 54
18 14 53
13 13 64
20 17 78
19 12 67
16 17 90
16 11 76
20 18 68
11 14 80
13 15 99
11 12 72
17 16 74
17 10 98
12 14 96
18 15 82
11 15 51
14 19 78
18 12 91
