46 46
10 7
2 5
2 1
4 7
7 9
3 9
1 7
7 9
4 4
4 9
4 9
5 6
4 8
10 7
2 9
3 7
10 5
4 3
1 5
6 5
9 8
9 9
2 1
10 7
9 4
6 6
2 5
1 2
5 3
7 8
2 6
3 6
6 10
6 1
7 3
4 3
5 10
1 9
2 6
6 10
9 7
8 9
4 3
2 10
2 7
6 5
19 17 94
11 18 92
19 10 83
19 12 95
11 16 67
16 14 66
17 10 60
16 14 90
13 12 61
17 13 92
13 18 89
14 13 59
11 13 62
19 17 59
14 11 68
10 15 80
19 10 98
13 20 58
17 11 63
11 16 87
16 12 63
16 13 69
18 17 53
16 14 74
14 18 100
18 19 76
14 11 67
12 13 84
11 14 88
13 12 98
19 12 56
15 14 98
13 19 74
11 10 69
18 20 71
18 14 50
19 12 75
12 17 67
13 10 58
11 18 82
15 17 50
10 18 81
10 17 91
16 11 67
20 17 72
20 15 87
