47 47
9 10
6 6
5 2
8 3
6 1
10 8
5 2
7 8
6 10
9 4
2 9
1 9
9 2
3 10
1 1
2 7
9 5
6 8
5 8
8 6
4 4
6 7
10 10
9 6
1 5
10 6
1 5
3 10
4 4
4 9
5 1
5 7
5 3
8 10
3 1
7 9
7 3
2 2
8 10
3 3
4 4
9 4
6 8
1 2
6 8
4 9
1 6
10 18 54
13 20 71
13 20 79
17 17 98
12 17 75
14 16 92
20 16 98
18 10 81
13 20 59
19 12 62
18 11 90
12 11 82
13 17 94
16 11 75
19 20 77
14 18 91
10 15 81
15 16 64
15 12 99
18 18 87
12 10 50
18 19 89
11 14 71
15 19 97
15 10 68
19 15 78
19 13 53
11 17 66
17 12 67
14 11 97
19 16 68
13 14 76
19 12 68
16 11 55
17 14 73
19 14 89
11 11 100
16 19 98
14 17 64
16 11 63
11 15 83
13 16 79
18 16 82
20 14 54
19 18 68
17 20 58
16 15 66
