48 48
7 10
3 10
9 6
1 5
4 6
9 2
5 9
5 9
9 6
1 7
7 9
10 10
3 7
7 2
4 4
5 4
1 9
5 9
9 3
10 10
3 3
7 9
8 6
3 5
4 5
8 7
10 7
1 6
3 7
1 6
2 6
5 10
1 5
2 9
4 10
4 1
8 5
7 2
5 9
5 2
7 3
4 4
1 9
4 10
8 7
10 2
6 9
8 6
14 14 56
16 18 91
16 17 74
16 20 69
14 13 55
10 12 79
12 11 79
10 16 92
20 14 88
11 11 76
20 18 90
18 15 79
18 10 61
17 11 65
13 18 59
13 12 65
12 12 55
17 17 62
18 12 82
17 18 80
14 18 58
17 11 93
18 10 93
13 17 68
12 12 63
12 15 77
10 15 82
15 20 88
10 11 83
14 16 92
11 12 92
19 17 63
11 13 96
13 18 75
11 19 91
14 17 80
19 14 84
11 10 58
12 11 97
18 16 85
14 12 53
19 15 95
10 16 64
16 15 66
18 19 61
11 11 78
11 14 67
13 14 74
