49 49
3 5
1 4
2 3
5 2
7 5
3 4
9 3
6 6
7 2
4 2
2 4
6 7
4 10
1 10
2 2
3 7
2 8
3 4
9 9
4 2
4 2
2 2
5 3
4 7
9 3
7 2
6 1
4 4
10 4
6 8
8 9
3 9
3 3
2 10
6 10
10 4
10 2
1 8
9 6
8 8
7 4
8 8
4 2
5 7
1 8
2 1
1 4
5 1
6 7
10 10 93
10 13 63
14 16 75
16 13 65
19 20 76
10 19 67
16 17 98
13 14 84
13 16 70
15 12 69
16 11 66
12 16 51
16 16 53
13 12 98
13 13 95
18 18 55
11 17 90
20 12 91
10 10 66
20 10 91
19 11 51
18 20 69
14 15 84
16 19 57
20 15 51
11 11 79
15 11 57
11 14 89
14 10 62
18 15 63
16 20 78
10 13 78
12 18 66
19 12 78
18 12 67
11 13 75
12 14 94
10 18 58
13 11 63
10 11 77
12 12 62
19 11 55
19 20 80
14 17 94
17 16 68
18 14 83
12 12 56
11 12 64
10 14 97
