50 50
9 1
6 7
7 2
7 1
1 5
8 4
1 5
1 4
10 10
2 9
6 5
7 4
3 1
1 9
6 8
10 6
3 2
2 1
4 10
2 2
4 8
6 4
5 8
1 7
1 8
4 6
7 3
6 3
7 6
2 8
8 7
8 9
7 3
8 1
3 9
2 10
2 4
6 1
1 8
4 4
2 1
10 8
5 6
6 3
5 5
5 3
5 4
10 5
7 10
6 6
10 19 80
17 15 77
12 12 99
15 20 55
17 18 96
12 15 99
15 10 86
15 19 71
17 19 56
20 15 80
13 12 90
11 10 72
12 19 84
12 20 93
19 19 69
11 18 62
15 19 59
12 11 57
11 10 56
14 16 91
14 18 88
17 20 57
12 10 95
20 17 75
20 12 96
15 12 91
13 19 83
12 16 61
13 10 87
15 13 89
16 10 67
18 15 98
10 17 86
11 13 98
16 19 74
14 20 72
18 10 69
10 19 78
15 12 94
20 15 52
10 18 71
11 20 80
20 19 80
19 18 91
11 11 77
16 18 53
17 20 58
19 11 96
13 11 73
14 10 95
