51 51
5 10
3 6
1 10
2 3
2 3
1 7
5 8
5 8
9 10
10 3
7 4
2 2
8 6
4 6
7 7
5 1
6 8
10 6
6 5
2 10
2 7
1 9
10 2
9 2
1 5
2 7
7 7
7 10
4 7
3 7
3 1
8 9
10 3
3 1
2 8
2 9
10 3
8 3
10 3
7 8
6 3
5 8
4 3
2 3
7 5
6 1
5 6
2 3
8 8
5 1
4 3
14 19 50
14 18 85
14 20 58
16 13 68
19 16 80
15 19 57
18 14 50
20 15 70
15 16 87
15 13 88
13 11 82
14 18 98
15 16 53
20 18 97
16 17 66
11 14 100
10 10 87
13 20 87
14 18 61
11 20 51
20 16 89
14 17 77
13 11 59
14 18 51
16 11 83
10 14 92
20 12 87
20 20 99
11 14 83
14 20 71
10 15 74
17 14 50
14 11 63
15 18 81
13 18 98
15 12 93
15 11 100
15 16 62
12 11 69
10 11 93
14 17 97
15 16 98
17 11 84
19 19 84
12 15 59
12 16 71
19 12 94
12 12 70
17 17 71
17 11 97
20 12 100
