52 52
9 1
8 9
5 1
4 2
7 1
8 7
3 4
5 1
2 10
10 5
4 1
9 10
3 9
10 2
8 3
1 6
6 3
6 8
9 5
2 1
8 9
5 1
6 9
5 6
10 1
6 5
5 4
5 8
5 7
2 2
4 10
9 8
2 3
6 5
5 4
6 7
5 8
9 2
10 7
8 6
2 9
10 6
4 1
2 7
9 1
9 8
2 1
1 4
4 10
5 6
10 5
7 6
12 13 59
10 17 50
13 19 79
20 19 95
13 19 74
17 16 93
14 14 79
17 14 71
10 20 95
14 18 58
12 14 76
14 11 73
10 18 88
10 12 54
15 10 84
11 15 92
11 12 88
13 15 89
11 16 97
15 17 88
12 16 75
16 13 70
13 16 71
11 10 95
10 19 80
16 18 71
12 19 80
11 14 61
12 17 70
15 19 98
15 19 52
11 17 52
15 15 77
18 16 63
10 10 81
19 13 50
10 18 81
15 14 88
16 10 90
20 11 82
11 10 83
20 11 73
18 16 89
15 15 59
12 17 72
20 15 68
19 20 82
12 19 97
12 13 56
11 14 63
20 14 60
17 16 89
