53 53
1 4
5 3
1 10
5 1
3 6
8 5
6 1
4 6
5 9
10 1
4 4
1 3
4 7
3 4
2 9
6 1
10 8
5 3
1 3
6 9
7 9
1 5
8 10
3 8
4 2
4 9
2 3
8 2
5 10
7 8
4 2
8 4
3 4
7 6
7 4
8 3
3 8
10 3
1 10
8 4
2 2
10 3
9 8
4 8
6 10
7 4
1 8
4 9
4 9
2 5
8 2
9 7
9 9
12 17 86
20 19 54
13 12 95
15 12 61
19 13 98
16 16 88
12 12 56
20 18 93
16 14 90
10 16 77
17 19 55
20 11 50
11 12 99
15 16 73
13 13 93
11 16 84
17 19 88
16 20 73
17 13 69
19 12 66
20 19 73
14 11 81
19 14 59
20 13 68
20 19 87
19 10 53
15 10 95
16 13 56
20 16 88
11 13 96
17 19 68
18 11 74
14 14 64
19 19 60
20 18 73
10 15 86
15 18 83
10 14 93
20 19 100
17 16 67
19 11 100
17 16 100
14 20 63
16 12 82
20 12 54
11 16 71
13 16 94
11 14 53
17 15 71
20 14 50
18 14 99
19 17 86
13 20 97
