54 54
6 10
8 5
4 8
6 7
5 4
6 6
6 6
2 3
1 8
1 7
2 3
2 9
2 5
6 1
9 4
3 10
10 7
5 4
10 7
1 4
9 7
1 4
1 5
4 1
8 9
1 1
4 7
8 4
2 6
7 7
2 7
9 3
6 10
2 8
4 6
5 3
3 3
10 9
4 1
1 7
7 2
9 2
6 9
8 4
4 7
3 3
3 4
2 3
2 6
7 10
2 9
6 7
8 8
7 8
12 19 100
12 16 89
13 17 53
18 10 70
16 19 84
13 14 71
10 12 86
15 15 84
19 18 50
20 11 93
15 15 62
14 19 93
17 10 84
19 10 89
19 20 78
16 19 77
19 19 84
15 15 69
12 16 64
11 10 64
13 17 74
20 11 54
18 20 54
10 20 81
19 12 92
17 11 89
17 20 96
12 19 97
19 16 72
12 15 55
19 15 88
14 18 84
12 18 55
15 16 76
20 20 51
20 18 71
10 15 83
17 14 65
18 17 52
12 11 83
12 11 91
12 10 73
15 12 66
15 19 65
18 11 99
14 13 100
11 15 64
10 16 54
16 13 87
12 18 53
11 15 50
11 12 84
18 11 86
16 16 71
