90 35
4 3
2 3
5 5
4 4
2 4
4 2
5 1
2 1
1 3
1 1
2 5
2 3
4 4
2 1
3 2
4 1
1 3
3 5
5 3
3 3
1 2
4 4
4 4
3 1
4 2
1 1
3 3
2 5
1 3
3 3
1 1
3 5
1 3
5 5
3 4
4 1
5 3
4 2
4 2
1 1
1 1
4 1
4 4
5 1
5 1
2 5
1 5
1 1
1 4
2 4
4 5
2 1
1 1
4 3
3 3
3 5
3 1
3 2
3 3
5 4
5 5
3 4
2 1
5 2
3 4
4 3
4 3
3 4
3 4
1 2
4 2
2 3
2 1
1 1
2 3
2 5
5 4
4 2
2 1
5 1
5 1
5 4
2 4
4 4
4 2
4 4
1 1
5 2
5 4
4 1
5 4 1000
5 4 800
6 5 400
13 6 700
4 3 200
7 7 650
5 3 200
5 6 400
7 6 650
6 6 950
8 9 200
4 3 400
5 4 850
6 11 900
13 8 300
10 9 400
10 4 950
10 8 250
10 8 900
6 7 250
4 8 850
11 10 150
2 2 750
8 4 250
5 4 1000
14 11 100
9 7 250
5 4 600
6 10 200
25 21 850
16 17 450
30 27 450
18 28 550
26 29 150
30 20 550
