100 38
4 10
7 9
1 2
3 1
2 4
9 9
4 4
6 9
9 5
2 10
8 5
1 7
6 8
7 8
1 3
10 3
9 8
1 7
6 10
6 5
8 9
5 3
8 1
1 4
3 3
5 3
9 9
8 3
2 8
3 2
5 7
8 10
10 9
2 6
9 10
4 9
1 4
1 4
3 2
5 3
4 2
8 9
2 10
2 7
6 2
8 5
2 4
10 6
2 5
4 9
7 7
6 5
6 5
9 10
10 5
3 5
2 8
6 10
6 5
2 4
4 9
4 7
10 3
6 6
2 5
3 5
6 4
5 2
2 2
2 3
7 10
10 8
9 10
5 2
2 9
1 7
1 6
1 8
9 5
9 10
2 1
2 5
5 5
8 1
5 9
7 3
10 8
10 4
7 4
1 7
8 5
2 3
7 9
1 9
3 5
1 1
7 3
5 8
10 1
4 2
16 25 600
16 14 550
20 24 750
14 22 400
22 30 150
12 11 550
11 10 400
7 12 550
13 15 600
22 28 900
19 7 800
17 12 800
5 10 150
12 18 300
4 6 450
11 11 450
10 9 350
13 12 750
6 12 200
7 8 850
9 11 1000
9 14 850
11 6 500
26 15 800
27 22 100
12 12 850
4 7 500
11 18 550
15 13 250
14 14 250
10 8 550
22 17 450
21 5 600
2 23 500
2 13 750
9 24 850
22 22 650
2 26 750
