120 120
6 9
6 8
5 6
6 2
6 8
1 2
6 6
9 7
4 6
1 6
6 5
2 6
4 9
8 2
7 6
7 6
3 3
6 4
1 9
3 7
1 9
7 9
10 5
9 3
2 3
6 2
7 9
2 4
1 8
2 8
9 8
3 2
10 8
7 10
9 9
2 7
6 2
3 2
2 9
8 7
3 1
4 2
5 5
7 3
2 8
1 9
9 1
1 3
5 9
6 2
2 3
7 6
10 3
6 4
6 7
10 5
7 7
4 10
3 5
8 5
2 4
7 8
7 6
1 9
4 5
2 4
7 9
4 8
5 1
7 3
1 3
1 8
8 2
7 9
6 5
6 1
4 5
3 4
8 2
1 1
8 6
1 1
10 6
4 1
10 7
7 9
4 7
3 7
8 7
10 9
7 3
3 5
3 4
6 4
2 1
4 3
3 10
10 7
6 3
1 5
2 8
9 1
2 7
4 5
10 3
7 10
6 7
10 10
1 10
2 5
1 5
9 10
6 5
5 9
9 9
2 10
5 1
2 1
7 9
4 10
11 13 89
13 12 96
18 12 73
20 15 74
15 16 65
10 15 50
13 17 51
12 19 67
19 12 66
10 16 50
10 20 60
18 18 76
19 20 90
19 20 91
14 17 66
19 12 98
11 13 71
16 16 73
10 12 86
17 18 79
15 19 92
20 15 85
11 16 55
16 14 84
18 16 54
13 17 95
16 15 54
14 16 95
20 20 65
17 10 100
19 11 52
10 11 66
14 18 65
20 14 54
15 14 78
11 14 50
15 15 57
11 16 65
18 12 51
17 16 52
13 15 85
11 18 68
10 11 74
18 12 87
18 11 72
13 20 84
19 18 84
20 15 68
10 12 90
16 14 89
17 12 58
18 14 50
12 14 68
13 20 53
19 16 82
13 15 75
12 10 59
19 16 57
12 11 97
10 16 58
17 14 71
16 16 86
12 16 60
15 19 63
15 13 79
20 19 86
11 14 69
10 20 62
18 20 74
18 11 68
20 13 51
19 14 94
15 13 95
17 14 62
19 11 92
18 17 61
19 16 99
18 16 50
19 12 89
12 12 81
20 13 59
12 14 67
19 19 62
11 16 77
18 15 97
17 12 65
20 16 59
16 13 88
12 13 88
18 18 82
10 20 64
14 12 95
13 20 55
17 11 99
11 17 94
17 16 57
11 12 53
13 12 57
20 14 94
20 10 56
20 11 67
10 15 97
16 14 50
19 20 63
14 10 58
10 11 54
11 13 67
10 10 54
11 17 91
10 20 96
11 13 99
11 20 56
15 14 53
17 13 68
12 10 99
18 19 64
14 15 91
12 14 75
12 11 59
12 12 57
