150 150
6 4
10 3
1 4
6 2
5 5
7 1
5 3
7 8
2 9
4 9
5 9
7 10
1 7
7 1
10 4
10 4
6 8
7 7
2 3
5 3
7 9
9 7
5 1
9 9
5 10
10 5
5 5
7 8
4 3
3 10
3 7
5 8
2 9
1 5
2 2
10 3
4 4
6 7
8 2
9 7
7 10
5 4
3 4
9 4
6 6
4 2
5 9
3 4
8 5
3 4
1 1
9 5
9 5
4 10
3 9
9 6
9 5
5 7
4 4
6 5
9 3
3 2
9 2
5 5
4 3
7 4
6 2
6 5
1 1
8 7
3 4
4 2
1 4
9 1
5 9
3 9
4 9
1 4
9 3
5 2
3 10
1 3
5 5
9 8
1 6
8 10
6 5
4 1
2 2
7 4
1 7
5 1
7 10
1 5
7 9
3 10
2 5
3 1
9 9
3 6
6 10
7 10
10 4
2 8
7 8
10 1
6 5
9 5
2 5
7 5
2 1
1 7
10 4
8 3
9 1
8 6
7 1
4 10
9 7
8 2
1 4
4 7
3 6
3 3
5 9
2 3
6 8
3 5
5 10
6 7
7 7
10 7
6 10
4 1
7 8
10 7
3 6
7 5
10 2
6 4
1 2
8 8
4 5
3 1
1 2
1 3
6 6
5 7
3 7
9 4
20 10 75
17 20 82
10 15 79
11 17 70
11 17 80
12 15 98
13 20 72
12 16 81
14 12 88
11 16 87
20 19 62
14 10 97
20 19 88
12 19 89
16 13 50
19 19 63
20 12 51
18 12 53
12 17 78
17 19 78
13 11 82
13 10 100
13 15 79
16 11 63
14 15 66
12 10 53
16 20 66
13 11 61
19 19 73
10 16 98
13 10 80
11 19 90
20 12 51
17 14 83
18 20 81
20 16 83
19 20 95
10 14 70
15 20 67
18 17 61
12 18 59
17 10 79
17 14 98
12 12 66
19 20 58
19 19 86
18 12 89
14 18 98
12 17 100
17 18 86
16 20 68
18 12 95
10 17 91
13 18 65
14 10 97
17 17 78
11 10 52
11 15 78
14 19 60
17 17 89
17 15 89
13 18 56
16 12 80
15 19 98
11 20 52
20 12 69
19 13 93
13 15 68
18 11 64
15 16 88
14 10 67
16 18 70
20 16 81
16 12 63
11 12 98
14 15 96
20 19 64
13 12 56
13 14 90
18 13 78
12 16 78
17 18 53
18 14 72
18 11 53
14 20 95
17 13 89
20 15 64
18 13 83
20 10 64
20 19 51
15 10 90
13 15 59
10 11 81
18 19 93
15 10 77
13 12 55
16 13 69
12 19 90
15 13 83
20 19 90
13 20 72
11 12 93
16 10 67
16 12 63
20 18 89
13 18 62
16 10 100
18 13 81
15 11 69
20 17 89
11 10 51
12 10 53
14 10 82
10 18 87
17 15 80
13 13 55
14 13 74
19 11 56
15 14 54
11 15 92
20 16 56
18 14 79
13 10 97
20 13 64
12 19 86
12 12 66
10 19 98
13 11 88
12 10 98
10 10 56
16 18 95
14 13 100
10 15 56
10 15 100
18 18 71
17 13 97
14 10 80
12 13 56
13 11 100
10 13 74
18 16 72
14 15 55
12 16 90
19 10 59
13 20 60
12 16 75
18 12 55
15 10 65
15 11 91
15 20 71
