180 64
3 3
3 5
3 3
1 3
4 1
2 5
5 3
2 4
3 5
4 1
4 5
4 5
2 4
1 5
1 4
2 4
4 4
3 2
3 5
5 2
3 1
4 1
1 4
1 3
5 1
3 4
2 5
4 4
1 1
1 5
2 1
4 2
3 2
4 2
5 4
5 5
3 2
3 5
1 2
5 3
5 2
3 2
1 5
1 5
3 2
2 2
3 5
5 4
4 1
1 3
2 2
2 2
5 3
4 1
3 3
5 2
5 5
1 5
4 5
4 4
1 3
1 2
3 3
3 3
2 2
1 3
4 1
3 2
5 5
2 1
5 4
4 2
5 1
4 3
5 1
1 3
5 3
2 2
5 1
4 2
3 5
1 3
1 2
1 3
3 5
5 5
2 4
3 4
1 2
4 4
3 1
4 5
4 3
2 1
3 1
3 5
1 3
2 3
4 4
3 3
3 2
2 5
1 1
3 3
4 4
2 3
1 1
4 3
3 5
3 4
2 1
4 4
5 5
4 3
3 3
2 4
2 4
2 1
2 2
4 3
3 2
4 4
5 2
3 5
5 3
5 2
5 3
2 4
3 3
1 5
5 5
3 2
5 3
4 1
4 1
5 2
3 3
1 3
1 3
1 2
3 4
2 1
4 4
2 5
4 4
4 3
2 1
4 1
4 3
4 5
1 5
2 2
1 5
3 4
5 5
3 5
2 1
5 4
4 2
5 1
2 3
2 1
2 5
5 1
3 4
4 4
3 2
2 1
3 1
5 3
2 4
2 5
2 5
2 1
4 4
2 4
3 1
4 3
5 4
4 3
6 12 900
10 12 450
8 6 500
10 11 350
5 6 800
8 7 400
12 8 500
7 7 400
14 10 800
5 12 500
8 13 500
5 4 200
10 8 550
5 7 150
13 11 500
4 4 400
6 9 850
5 5 550
4 9 750
9 8 800
8 12 750
13 8 150
3 3 450
6 7 450
9 11 300
3 5 750
7 2 650
5 5 850
6 4 800
9 11 400
7 9 400
4 6 650
7 11 450
2 6 900
5 4 650
10 10 200
3 6 950
9 10 600
6 6 700
7 10 200
10 14 300
7 12 900
6 4 1000
11 9 650
10 8 500
13 12 450
7 5 550
8 9 750
8 6 150
8 5 650
6 9 400
8 9 300
4 4 400
25 5 800
11 26 800
15 23 200
29 9 200
12 22 500
6 10 400
30 7 950
10 18 800
11 19 550
11 26 800
5 12 350
