200 69
9 2
2 10
8 2
3 9
7 7
4 7
10 8
7 10
8 7
3 6
3 2
9 4
6 1
1 5
2 3
10 1
10 1
3 1
1 2
9 9
6 6
9 2
6 5
2 3
7 7
2 3
3 2
9 1
7 8
3 2
7 3
8 4
1 6
9 9
8 3
6 10
8 9
6 8
8 10
3 10
2 6
10 10
3 5
9 8
3 10
3 10
7 9
4 9
8 2
6 8
3 7
1 1
10 2
5 4
6 5
5 5
2 9
6 6
1 9
4 3
2 3
6 10
9 3
5 5
2 2
10 3
3 2
2 6
2 4
1 5
7 8
7 9
10 1
2 3
4 4
3 8
6 4
8 6
6 3
4 7
6 4
10 8
3 6
7 10
2 10
4 8
10 7
4 1
1 8
10 8
4 6
7 10
10 1
9 2
9 5
8 2
8 9
10 8
4 5
9 5
8 7
8 8
7 3
4 2
10 8
2 2
2 7
4 3
1 2
8 2
3 2
8 8
4 4
7 2
8 7
7 6
4 5
4 8
3 9
3 10
2 10
7 9
10 4
1 8
9 5
1 5
2 9
2 4
1 4
2 6
2 8
8 5
2 10
1 5
4 9
8 7
6 9
6 8
6 7
10 8
5 2
9 8
2 7
5 9
8 8
4 2
1 4
7 6
2 8
4 2
2 10
4 10
3 4
1 4
6 1
5 2
1 1
9 5
4 5
10 2
2 7
6 9
4 4
2 3
9 10
4 10
5 5
4 7
8 7
1 5
1 5
5 8
4 5
7 7
8 5
1 7
9 1
2 8
10 8
5 5
1 1
4 5
2 6
1 9
4 4
8 10
6 10
9 7
7 8
3 7
2 6
10 2
6 5
7 4
1 8
1 8
6 9
7 2
2 8
3 6
19 14 450
11 17 900
15 7 650
9 15 250
11 17 1000
27 17 150
20 12 850
23 29 100
20 12 950
11 24 300
12 10 100
12 17 700
17 15 850
17 26 950
13 11 500
16 9 600
10 9 350
13 22 600
17 18 300
18 18 900
4 7 850
4 14 300
12 18 650
13 17 900
18 13 400
21 28 150
16 17 600
16 9 300
13 20 800
12 29 400
10 11 700
12 13 200
15 11 100
20 21 950
10 18 200
6 14 400
18 14 400
22 13 900
8 15 850
30 19 800
5 10 100
10 20 600
11 11 400
13 4 950
14 11 900
14 15 150
9 17 850
18 8 300
6 20 300
11 16 100
18 11 700
11 18 700
20 12 150
11 20 750
16 13 150
19 22 400
13 10 650
19 23 100
9 9 750
15 17 950
29 7 950
24 16 200
16 3 450
18 15 950
28 7 600
6 20 700
23 8 750
4 24 800
30 2 800
