210 70
5 5
4 2
5 1
5 2
4 3
4 4
1 2
2 5
2 5
2 4
5 2
4 5
3 1
5 3
5 3
2 1
4 2
4 5
3 1
5 1
4 4
1 2
3 5
3 4
5 5
2 4
5 4
3 2
2 3
5 4
2 4
4 4
2 3
2 3
5 1
2 5
1 5
3 5
3 3
3 5
4 1
2 3
4 1
1 2
1 5
2 3
2 3
2 4
1 4
2 4
3 3
4 2
4 2
5 4
4 2
1 4
4 5
2 5
5 2
2 3
2 2
2 4
1 3
3 4
2 1
5 1
1 5
3 1
3 4
5 5
4 1
5 5
2 3
5 3
2 5
1 3
4 1
4 4
3 2
4 1
1 4
3 2
2 4
1 1
4 3
2 2
5 2
1 3
5 5
3 4
2 1
1 2
3 2
5 1
5 4
5 3
4 4
3 2
3 3
1 1
5 5
4 2
3 1
5 5
4 4
5 5
1 1
5 4
2 5
4 3
3 1
1 1
2 3
2 3
1 2
2 3
5 5
4 2
4 2
5 2
1 2
4 1
5 5
1 5
3 1
3 1
5 2
1 1
2 5
5 4
1 2
3 4
3 2
2 3
3 4
5 2
1 2
3 1
4 4
4 5
1 5
2 2
4 4
4 4
2 4
4 5
1 1
3 4
1 1
2 5
3 3
5 4
4 2
2 2
5 1
1 4
2 4
2 4
1 2
4 5
4 5
5 1
1 5
4 4
1 2
4 5
1 4
1 3
1 2
4 2
1 3
3 5
4 4
3 2
1 3
3 3
3 3
4 4
4 4
5 1
4 3
1 5
3 1
5 2
5 1
1 5
5 3
3 4
1 1
3 5
5 3
4 2
4 4
5 3
1 5
1 3
2 4
5 3
1 1
4 3
2 4
1 2
1 1
2 5
1 2
3 1
5 4
4 2
3 1
1 1
5 3 100
5 13 900
6 8 800
3 9 900
12 8 900
4 9 500
11 5 250
6 13 100
6 9 250
9 11 500
11 10 700
8 16 700
12 16 1000
7 5 400
4 2 650
9 6 850
11 7 200
3 3 350
7 10 500
4 5 750
7 11 250
9 6 550
8 14 650
14 10 850
11 7 150
12 7 1000
9 8 750
9 3 550
7 5 450
8 8 900
9 9 950
7 7 700
5 4 100
4 8 700
12 11 750
8 9 850
7 11 350
10 8 900
9 5 250
10 8 600
6 10 350
6 2 600
9 12 800
10 9 800
7 5 300
2 5 850
14 13 450
4 6 600
4 2 800
9 9 100
18 14 800
9 3 200
10 8 300
8 10 450
8 9 150
5 3 250
3 5 150
6 8 750
26 17 950
1 7 100
14 21 550
28 23 650
26 30 850
23 9 300
7 13 650
13 4 350
29 5 100
28 16 850
16 11 500
28 25 350
