240 240
7 10
8 1
1 8
1 10
5 5
10 3
8 4
8 4
10 5
6 8
5 5
7 5
10 5
4 5
6 4
4 2
6 7
10 6
6 10
4 5
5 6
4 5
9 5
5 2
1 5
9 9
2 6
2 9
8 9
2 6
1 10
2 8
10 7
6 9
1 4
3 4
2 10
9 7
6 9
5 8
6 2
9 6
9 10
6 3
2 6
7 2
9 2
2 1
4 8
5 6
8 9
4 10
10 6
7 10
5 6
5 5
1 6
9 7
2 3
5 4
10 10
7 5
6 10
1 6
1 2
9 4
5 9
4 10
3 9
2 1
3 10
9 10
7 3
7 9
10 5
7 2
7 8
2 6
3 9
4 5
4 4
4 6
5 5
5 2
4 8
2 5
1 8
7 9
8 4
3 9
9 5
3 4
5 2
5 6
10 5
7 4
9 1
6 9
1 9
9 3
3 9
4 6
3 7
5 1
7 4
6 3
8 9
10 2
4 1
10 4
4 6
3 4
5 3
9 6
5 1
10 4
8 6
2 3
1 7
7 6
9 9
4 6
10 7
3 3
10 1
5 5
3 5
1 10
9 7
5 3
4 1
4 7
3 7
8 9
1 10
4 6
6 6
5 4
7 9
5 7
6 7
3 9
5 8
8 3
10 6
8 6
5 2
8 5
9 7
7 8
4 2
10 9
9 10
7 1
7 1
9 10
7 10
3 5
1 5
6 8
4 8
4 3
5 9
6 3
7 5
8 5
5 6
6 3
8 5
5 3
5 9
6 2
5 9
4 7
6 8
8 3
5 6
3 6
1 1
3 1
4 9
9 10
3 5
7 10
9 3
8 5
5 7
3 1
1 2
6 5
2 2
8 9
7 2
9 7
10 9
5 10
9 3
4 8
7 7
4 4
3 3
2 4
4 10
1 9
5 4
2 10
9 9
4 8
7 5
2 10
4 5
9 7
7 1
4 1
9 1
1 2
9 7
5 10
8 2
4 3
5 9
1 9
5 5
4 2
3 10
5 3
9 6
1 9
1 5
5 9
7 4
9 1
10 4
2 4
10 2
8 3
2 9
8 10
3 4
4 5
20 12 65
14 11 93
14 19 96
19 19 58
20 12 64
13 13 91
15 19 97
13 11 70
14 20 50
16 15 58
11 10 90
15 17 72
16 15 96
16 17 87
17 18 90
17 12 55
20 12 95
11 12 69
19 10 90
14 13 70
12 16 62
16 10 65
15 13 90
13 20 68
17 20 74
10 14 93
16 12 96
19 17 91
19 16 80
15 12 90
14 10 78
12 18 50
10 18 93
17 18 68
14 13 59
15 11 65
17 13 82
12 11 90
10 15 73
14 17 60
12 10 57
13 16 81
15 20 91
10 15 51
13 17 72
10 13 96
12 12 82
14 10 70
19 16 65
17 20 92
15 18 92
20 10 81
19 14 61
11 14 71
18 19 93
16 17 85
10 14 60
17 13 91
14 12 91
18 12 56
14 13 73
17 12 74
13 15 63
11 11 63
19 13 71
10 14 64
18 14 70
15 17 79
14 18 79
17 12 91
19 10 80
15 10 57
15 10 97
15 17 98
10 12 58
20 19 82
12 15 91
17 12 75
11 13 83
15 14 50
15 13 94
17 11 67
16 11 85
14 13 81
10 15 87
16 17 75
16 10 91
14 19 95
10 11 82
12 18 77
16 10 60
14 12 88
16 10 51
10 19 84
20 20 74
11 11 92
20 15 71
20 13 64
19 13 79
11 18 88
13 10 98
16 18 90
18 19 67
13 13 69
13 10 95
12 10 73
12 10 91
11 18 60
18 19 96
13 17 74
13 19 73
17 13 78
20 16 87
14 10 69
14 19 67
10 19 75
18 12 53
19 14 82
10 16 76
20 18 69
19 19 50
14 18 68
10 10 92
13 16 72
16 15 90
14 18 92
15 15 100
14 13 50
15 12 78
12 13 75
12 19 95
12 17 61
11 10 88
15 11 84
16 17 85
19 11 68
13 17 86
16 15 55
11 19 88
19 20 83
18 16 89
16 11 57
17 11 60
16 18 78
11 11 50
18 19 60
10 16 58
17 10 57
12 20 62
18 20 100
18 11 62
12 12 75
13 14 61
11 12 63
12 12 66
12 15 65
12 13 74
15 18 90
19 10 81
14 14 66
12 10 62
20 11 61
11 11 85
18 20 91
12 10 85
19 19 58
18 11 89
14 14 66
12 16 74
13 18 64
18 13 63
12 12 99
16 13 88
10 16 89
13 17 100
10 12 57
19 18 75
12 10 63
19 15 89
14 19 78
20 12 92
16 14 96
15 20 84
11 16 62
11 15 80
15 19 61
15 16 91
17 17 73
17 16 53
17 11 87
20 15 92
20 11 93
16 19 78
10 19 87
16 11 51
20 14 94
20 19 69
20 10 51
13 14 96
17 16 72
13 14 54
13 20 51
20 16 54
14 20 80
18 18 60
12 18 53
11 20 76
17 12 50
13 16 51
10 19 93
14 20 82
13 11 63
12 13 90
18 14 50
13 20 50
18 17 92
11 13 87
12 19 96
19 16 96
20 15 63
11 11 64
12 15 75
11 14 93
14 14 98
11 14 55
15 20 86
12 15 59
20 15 74
14 20 52
19 10 52
19 10 54
12 20 63
16 14 91
20 19 64
20 10 56
20 13 63
11 20 81
15 18 93
10 12 61
18 18 79
