270 92
5 2
5 3
2 3
3 2
4 1
4 4
1 3
3 4
2 1
5 2
1 4
3 5
3 3
5 3
5 3
4 2
3 2
3 1
3 4
1 2
1 4
3 4
4 3
1 1
4 2
3 4
2 2
2 1
2 2
3 1
1 3
2 1
5 5
1 3
2 1
3 3
4 1
1 3
5 4
5 4
2 5
1 1
3 2
3 4
2 2
2 2
3 3
2 5
1 2
3 1
4 4
2 1
4 5
5 4
5 1
5 4
1 5
5 1
5 5
4 2
2 1
4 5
2 1
2 3
4 1
1 4
5 1
3 3
4 3
3 4
5 5
2 2
4 3
1 3
3 1
2 5
3 2
2 1
3 3
5 4
2 2
3 5
3 3
2 4
2 1
1 4
4 5
4 4
3 5
1 2
2 2
5 2
1 3
2 1
5 2
1 5
4 2
3 3
4 5
2 1
4 1
1 1
3 2
1 1
3 1
5 5
1 5
2 4
3 3
4 5
2 3
5 1
2 4
1 5
3 4
4 4
4 4
2 5
4 3
5 3
4 1
4 4
3 2
3 3
3 3
3 2
3 3
5 1
2 1
5 5
4 1
5 1
1 5
2 2
4 1
1 2
2 5
4 4
1 4
4 3
5 2
4 3
3 2
1 1
5 5
5 3
5 5
4 4
5 2
5 2
1 1
3 5
4 5
2 3
1 2
5 5
2 3
5 2
5 5
1 2
3 3
3 5
1 5
1 2
1 2
2 4
3 1
5 5
4 4
5 3
2 1
5 3
4 4
5 2
1 5
5 2
4 1
2 2
3 2
4 2
2 2
1 2
3 2
3 1
5 2
3 4
1 3
3 4
1 2
4 1
1 1
5 5
4 5
1 3
4 4
3 5
4 4
1 5
2 1
3 1
2 1
1 5
3 2
4 5
1 1
3 4
5 3
5 5
2 5
5 2
1 2
3 2
4 5
4 1
2 4
2 1
1 2
2 5
2 2
5 4
2 2
5 4
3 4
3 4
2 1
4 1
4 3
3 1
4 1
1 3
1 2
2 5
4 2
5 5
3 4
1 5
2 1
3 3
2 5
1 4
1 2
2 1
1 4
2 1
4 2
4 4
2 2
3 4
2 5
5 4
2 2
2 4
3 5
4 5
4 4
1 3
1 3
5 4
3 1
1 4
5 4
1 3
1 1
3 5
4 5
4 4
4 5
2 1
1 1
3 1
9 6 1000
11 9 200
5 15 700
7 4 1000
11 6 100
7 11 750
9 8 450
7 8 650
8 8 700
11 7 200
6 6 350
11 7 800
9 5 650
8 8 450
8 6 650
10 5 100
7 6 300
8 8 750
8 10 850
1 4 450
5 13 400
5 5 600
7 6 550
7 9 900
4 3 1000
6 4 800
10 10 950
5 9 850
8 9 300
5 4 700
2 7 750
3 3 300
12 8 200
8 13 250
9 10 650
5 4 450
7 9 700
5 4 300
7 6 450
10 9 150
5 6 450
5 6 700
6 12 350
7 4 600
10 9 850
7 3 750
12 6 100
9 7 150
7 12 700
8 10 150
4 7 1000
11 11 950
10 12 600
12 10 1000
6 5 450
5 4 750
5 8 350
13 11 600
11 13 100
14 7 400
5 6 100
4 8 550
7 8 200
10 8 100
10 8 500
10 8 100
18 6 250
14 11 700
6 8 850
9 14 150
5 2 900
8 8 600
2 3 150
6 9 150
5 8 550
4 1 100
15 12 300
4 6 450
22 30 650
6 20 150
16 30 800
21 14 550
17 29 1000
2 16 150
6 8 750
4 20 650
26 7 150
18 20 150
28 7 650
11 30 700
3 12 250
19 18 100
