300 100
1 3
1 3
3 4
1 2
2 4
3 3
4 4
2 1
3 5
3 2
1 3
5 1
5 4
2 1
3 1
2 3
1 2
5 1
2 4
3 1
2 2
5 4
4 5
1 4
2 2
1 5
2 5
5 2
3 1
3 5
5 5
1 4
5 1
5 4
2 3
4 1
2 4
3 5
2 3
1 2
4 4
2 2
3 3
5 5
4 5
4 2
5 4
4 2
1 1
3 2
4 2
5 2
1 2
4 5
2 3
4 4
5 1
1 4
1 5
5 5
3 5
2 4
2 3
1 2
1 3
1 1
3 1
1 4
4 1
5 3
1 1
3 1
2 2
3 1
4 3
5 1
4 3
5 1
1 3
4 1
1 1
5 5
1 5
1 4
3 5
1 5
2 4
5 2
2 2
5 4
2 2
3 2
3 4
2 1
4 3
2 1
1 5
3 2
3 5
4 3
5 1
4 2
2 4
2 5
4 1
3 2
2 1
2 3
2 3
4 2
4 2
4 3
3 5
1 5
4 5
4 1
3 5
4 3
5 5
2 5
1 5
1 5
1 3
5 2
4 4
5 1
4 4
2 4
4 4
4 5
3 2
5 5
1 1
2 5
1 1
3 1
2 5
2 4
5 5
2 3
3 1
1 3
5 3
5 2
5 2
3 5
1 5
4 4
1 2
3 3
4 4
3 2
5 4
2 1
5 5
2 3
1 4
4 2
4 2
2 3
1 1
2 1
3 4
2 1
3 5
2 3
2 3
4 2
3 2
1 2
1 5
1 2
5 4
5 5
1 3
5 5
5 3
2 3
1 1
2 2
2 4
5 4
1 3
4 3
3 5
2 5
4 3
3 3
5 5
1 4
2 2
2 5
5 5
5 2
1 3
2 4
3 1
1 1
3 2
4 2
3 3
2 4
5 4
5 1
4 2
2 4
2 5
3 2
4 1
4 5
1 3
2 4
4 3
2 2
2 1
3 3
1 4
4 2
3 3
2 4
2 2
1 3
5 2
1 2
4 3
5 3
1 4
5 1
5 3
4 4
3 4
3 5
5 1
3 3
3 4
2 2
3 3
3 5
1 3
3 2
2 4
1 1
2 5
2 1
1 3
4 4
1 5
1 4
3 2
1 1
5 3
3 4
2 5
4 3
3 2
3 5
4 1
3 2
1 1
2 2
5 3
5 2
3 5
3 1
5 1
4 5
2 1
5 1
4 3
2 4
5 3
4 2
2 2
4 3
3 2
3 5
1 2
3 5
5 5
4 4
5 1
1 1
3 2
2 5
3 2
4 4
5 3
1 2
5 1
1 4
1 2
5 2
4 4
3 4
2 3
1 5
2 2
3 2
5 5
5 4
6 7 450
4 6 100
6 6 150
6 15 400
6 3 200
10 5 450
8 6 400
7 9 950
11 5 750
6 5 150
6 15 300
4 4 500
5 8 500
8 8 250
6 10 200
7 8 600
5 6 950
6 6 200
11 8 1000
8 6 900
8 3 550
18 17 200
13 9 250
10 10 200
7 15 100
6 9 250
10 7 600
9 8 350
4 5 500
6 4 650
9 3 200
11 10 850
8 10 150
5 5 150
4 10 250
5 7 400
5 3 650
3 5 950
5 9 800
8 8 800
8 4 350
14 7 600
10 8 900
5 6 150
4 9 100
6 10 600
14 13 550
20 11 500
2 4 300
10 9 400
7 9 1000
6 9 750
12 10 900
6 9 1000
8 10 750
14 7 400
6 11 100
9 10 100
2 7 600
9 8 250
12 14 100
10 14 650
7 4 750
11 10 150
10 6 750
5 6 650
6 10 900
7 12 600
13 8 150
9 10 400
8 8 100
6 7 650
12 9 150
8 7 500
6 8 150
4 4 600
9 5 250
5 5 550
7 8 950
9 6 350
6 6 900
9 7 1000
3 6 750
16 11 200
14 19 700
9 16 800
7 25 300
15 7 800
15 17 900
4 8 800
20 8 200
8 8 400
18 8 800
23 6 200
21 10 700
15 4 350
4 8 900
14 7 150
15 4 250
22 1 600
