330 116
5 4
4 4
3 4
3 2
4 3
4 1
3 1
2 3
4 2
2 2
2 4
5 1
5 5
3 3
5 2
1 2
3 2
5 5
1 4
4 4
3 1
2 4
5 5
2 2
1 1
1 2
3 3
4 3
4 4
5 3
4 5
5 1
1 5
3 1
2 3
3 3
5 1
3 3
5 3
1 5
2 4
2 1
5 3
5 1
1 3
3 5
3 5
2 2
1 1
3 1
4 5
2 4
5 2
3 5
2 5
1 3
4 1
5 2
5 1
1 5
1 1
5 4
3 3
5 3
1 2
5 2
4 2
3 1
1 2
4 1
4 2
5 2
1 1
3 2
5 4
3 4
5 4
1 4
3 3
5 2
3 2
1 5
4 4
3 4
4 1
3 3
5 4
1 5
4 4
2 3
1 2
3 1
3 5
5 2
5 1
4 3
1 4
2 4
4 1
4 1
5 3
4 4
2 5
5 1
5 4
2 1
2 1
3 2
4 2
2 4
1 1
4 5
2 4
2 3
3 2
1 3
3 5
2 2
3 5
3 5
3 1
2 1
2 2
3 5
3 2
3 4
5 5
3 1
1 3
5 4
5 1
1 4
1 1
1 2
3 3
3 4
3 4
2 5
2 2
2 4
2 4
5 4
2 5
1 1
5 1
2 5
1 1
2 4
1 3
1 2
1 3
4 2
3 5
4 3
5 3
5 5
1 3
5 1
4 4
4 1
4 2
2 1
3 5
2 3
3 2
3 1
3 4
5 1
2 1
2 1
4 3
1 2
2 2
3 3
4 5
4 5
2 2
2 5
5 1
5 4
1 4
2 1
4 5
3 3
2 5
5 3
1 4
2 5
3 5
1 2
5 1
2 5
1 1
5 4
4 1
1 5
1 4
5 4
4 4
3 4
4 2
1 5
1 4
5 5
5 5
1 3
4 1
1 5
3 5
5 5
5 5
4 5
5 1
3 5
4 2
3 5
3 4
1 3
1 3
3 5
4 5
1 5
2 5
3 1
3 2
5 3
1 2
2 2
5 5
3 3
1 4
3 1
5 1
2 2
2 5
2 1
2 5
1 2
5 4
1 1
1 3
3 1
4 3
3 3
4 3
3 3
2 5
4 4
3 4
5 2
2 5
3 4
2 2
3 5
5 5
5 2
5 4
3 2
5 2
3 5
2 1
5 4
2 2
5 3
5 3
4 5
3 5
3 2
2 2
3 3
2 3
5 3
4 3
5 1
1 5
3 3
1 2
4 1
1 1
1 4
3 1
5 3
4 5
1 3
5 3
5 5
2 5
4 1
5 4
5 4
3 1
4 3
1 2
3 3
2 1
3 5
2 2
2 3
3 2
3 5
4 1
3 2
1 1
2 5
3 5
1 5
2 4
3 5
2 5
2 5
4 2
4 1
5 3
2 1
4 5
1 1
3 1
5 5
5 1
1 1
5 3
3 3
2 3
3 1
2 5
2 1
1 2
5 5
2 3
2 4
7 5 350
12 11 250
6 5 150
11 10 500
5 8 450
8 5 800
6 8 900
7 6 100
10 6 600
10 11 500
4 5 450
8 12 150
17 11 400
11 11 450
7 6 900
12 9 200
6 2 950
10 8 1000
8 10 1000
5 6 950
11 5 700
6 10 700
5 9 900
8 8 500
5 5 1000
7 5 150
8 5 100
6 3 250
7 4 700
4 3 950
16 7 950
6 4 900
6 2 450
4 6 650
9 11 950
9 5 350
10 10 400
10 7 950
6 7 950
7 8 850
8 7 900
8 10 1000
14 13 800
15 7 300
5 9 400
3 10 200
5 5 550
6 8 600
10 13 400
6 9 450
14 7 800
10 8 900
8 12 1000
7 5 650
3 10 900
9 6 600
9 6 200
8 9 550
4 8 350
8 6 550
13 9 150
8 5 300
7 6 450
8 5 400
9 8 200
9 11 300
9 7 850
7 9 400
10 10 950
6 6 350
13 8 900
3 9 400
10 9 750
3 2 850
9 4 400
7 4 450
5 3 200
13 9 150
2 6 350
9 4 1000
7 11 700
8 12 150
4 9 200
7 10 800
7 7 500
4 8 600
7 7 750
7 18 950
5 3 500
14 14 750
14 7 150
7 3 100
4 5 900
6 7 500
6 8 100
5 3 350
30 13 900
12 13 100
29 4 650
16 20 250
22 27 500
27 15 500
20 16 750
9 25 900
3 21 200
18 16 900
7 11 300
23 13 1000
3 30 900
9 26 1000
28 28 350
20 6 950
2 5 250
30 24 500
13 8 550
20 2 550
