350 126
4 4
3 3
2 2
4 2
1 5
5 5
2 4
2 2
1 4
4 3
5 2
4 4
3 4
4 3
4 3
5 5
5 5
4 2
3 3
1 5
5 3
4 5
5 3
3 5
1 3
2 3
2 5
3 5
3 2
1 2
2 4
3 2
5 5
3 1
3 4
4 3
1 5
4 3
2 1
3 1
4 5
1 4
2 4
5 3
5 1
1 2
4 5
1 1
1 4
4 1
1 4
1 2
4 1
1 2
5 1
1 5
5 2
2 2
2 5
1 1
4 5
3 1
2 5
5 4
4 1
3 3
4 1
2 2
3 2
3 3
3 1
1 3
1 2
1 3
5 1
1 4
3 5
2 4
5 4
4 5
3 1
4 1
2 2
3 2
2 4
2 2
2 1
2 1
1 5
5 4
4 4
4 3
5 1
4 5
5 1
5 5
3 4
2 2
1 5
5 2
2 4
2 3
5 2
5 3
3 4
4 2
4 2
3 5
3 4
2 2
5 4
5 1
2 5
4 2
3 3
2 3
5 4
4 3
1 5
1 1
5 1
1 3
2 2
4 5
2 4
2 1
4 2
1 1
2 3
2 1
1 4
1 1
5 4
2 3
2 5
3 4
1 1
3 4
3 4
1 3
4 4
3 4
3 2
5 4
1 3
2 5
4 5
1 5
2 4
1 3
1 5
1 5
2 4
5 3
5 2
2 1
5 1
2 1
4 5
3 4
2 4
5 4
1 4
1 3
3 5
4 2
3 5
2 5
5 4
5 2
5 5
4 3
3 3
3 5
2 2
3 5
4 5
3 3
1 3
1 1
5 1
5 2
3 4
1 5
5 3
1 1
4 3
3 2
5 5
4 5
2 4
4 5
2 3
1 2
4 5
3 1
4 2
1 2
2 2
1 5
2 3
3 4
4 3
2 2
1 1
3 4
3 3
1 3
5 3
4 5
1 2
3 2
4 1
3 4
1 1
4 4
2 2
2 2
3 2
5 4
3 1
5 5
4 3
1 3
3 1
1 4
2 1
4 1
5 3
1 1
5 5
4 4
3 3
5 5
1 3
4 1
5 1
3 1
3 2
2 1
1 3
2 1
4 4
2 5
4 1
3 4
3 2
5 4
4 2
1 3
2 2
5 2
1 2
1 2
4 4
3 3
5 3
4 1
5 3
2 4
2 2
3 5
2 5
3 2
3 4
3 2
3 4
1 3
1 1
2 4
3 2
2 3
5 1
3 3
1 3
1 1
5 1
1 3
1 4
3 5
4 4
2 1
5 4
3 3
2 2
1 2
1 2
4 2
4 1
1 4
4 5
1 5
5 2
1 4
3 3
1 5
1 1
2 1
2 3
4 1
4 3
2 3
1 2
1 1
5 5
2 4
5 5
3 5
2 1
3 4
5 2
4 3
1 5
1 2
1 3
4 4
2 2
2 1
3 4
2 1
4 2
4 3
1 2
3 2
3 4
4 2
2 3
1 5
4 5
4 2
2 2
2 5
5 5
2 2
4 2
2 3
4 3
4 5
5 1
5 4
3 3
4 3
5 5
1 5
2 1
4 1
4 3
1 5
1 4
2 3
7 10 250
2 4 450
5 12 750
11 6 300
3 3 200
11 10 950
8 9 450
6 9 150
5 5 750
4 4 650
7 7 750
8 13 850
9 6 200
9 9 900
8 6 400
11 14 900
3 7 700
11 7 800
8 7 450
8 7 800
3 6 1000
10 5 650
3 8 250
8 8 100
10 12 1000
5 8 150
7 9 550
7 6 500
2 4 1000
7 9 600
7 11 400
4 10 950
4 2 650
6 7 150
10 7 300
5 4 550
5 5 850
6 11 750
6 7 1000
4 3 100
6 3 850
3 5 750
6 7 450
6 6 750
4 7 400
5 6 850
6 8 400
4 5 200
10 9 550
6 10 250
8 6 500
5 2 700
9 11 800
5 5 450
4 4 300
4 5 350
5 10 250
7 4 100
10 8 800
12 9 700
8 11 700
12 6 750
15 14 700
5 11 550
8 7 400
4 5 600
10 6 650
6 16 300
5 5 150
10 12 600
6 13 450
10 11 200
2 8 150
7 11 900
8 7 250
7 6 1000
12 10 150
6 16 300
6 4 400
9 7 400
6 3 250
6 4 350
2 5 200
8 5 850
13 8 650
4 5 300
4 7 250
9 8 850
5 5 150
4 8 750
2 5 550
9 6 700
9 9 400
7 12 700
9 8 250
9 7 650
4 6 800
10 12 950
6 7 700
7 4 500
5 5 1000
8 4 100
8 7 800
7 8 300
10 13 200
23 21 500
18 17 200
33 11 700
31 19 400
40 15 850
45 11 400
22 25 100
23 41 900
2 37 450
21 41 950
43 14 900
49 23 250
9 8 850
25 15 400
46 4 550
50 7 100
33 28 600
13 27 800
24 27 1000
17 1 100
1 47 300
