360 360
6 8
6 4
8 6
7 6
8 10
9 7
8 5
4 10
6 1
3 8
7 6
4 8
1 1
8 8
6 10
3 2
8 3
3 2
2 5
10 2
2 1
1 10
8 3
2 1
10 7
6 4
9 4
6 8
7 3
3 5
4 2
10 1
4 2
6 1
9 3
6 4
4 3
5 3
7 6
3 10
4 7
3 4
10 2
1 7
6 10
7 5
4 6
6 9
1 7
5 3
4 1
10 2
1 1
10 2
7 5
1 3
3 3
7 1
7 6
9 9
9 9
3 5
3 1
8 6
10 9
3 4
3 3
2 7
1 3
4 9
10 3
8 8
10 1
9 10
5 1
10 9
4 4
4 9
3 2
6 9
6 2
7 6
9 9
1 7
3 10
8 8
1 3
1 10
2 4
6 10
6 6
6 3
6 8
6 3
6 5
8 8
7 8
9 7
5 7
10 1
7 8
10 3
4 9
4 2
5 7
8 5
8 1
3 8
4 3
6 9
8 7
7 9
3 1
7 5
10 10
8 2
10 5
3 4
5 5
8 5
9 4
10 3
3 2
10 2
5 8
9 4
3 3
6 9
7 2
5 8
8 6
9 2
10 8
8 2
7 7
10 4
6 4
9 10
10 5
4 1
7 2
2 6
6 1
3 8
8 5
9 7
10 8
4 2
10 2
6 3
1 8
7 8
8 7
10 10
6 2
8 10
10 9
7 8
2 9
2 3
5 7
10 3
10 6
4 9
4 8
6 4
8 8
8 8
1 1
7 2
10 10
9 4
8 5
5 5
10 10
1 10
9 5
4 10
5 9
4 2
8 4
8 2
2 10
4 6
6 7
9 6
8 2
5 8
6 10
5 1
4 5
5 3
8 3
9 4
4 3
2 8
8 7
3 6
4 5
10 6
8 5
6 3
6 4
3 8
7 2
7 10
7 9
7 9
2 8
9 8
3 8
2 8
7 2
8 2
1 8
8 6
6 10
6 4
6 7
2 7
9 1
5 2
4 2
9 4
8 1
6 8
5 5
2 7
10 2
2 5
3 3
1 7
5 5
5 3
6 10
6 2
5 5
4 8
3 5
8 8
4 8
10 1
4 3
7 1
2 7
4 1
10 5
6 5
3 4
5 5
5 6
4 5
10 10
3 2
5 5
1 1
5 8
6 5
9 10
10 10
2 10
9 3
8 10
7 3
10 1
3 2
9 5
3 4
8 3
6 3
3 8
3 3
5 10
3 9
5 2
7 8
3 9
3 4
8 7
10 6
7 9
9 3
5 7
8 5
6 1
1 2
1 10
6 3
1 2
4 7
3 5
7 9
7 7
6 3
6 8
8 4
2 10
10 2
5 4
8 10
2 7
8 1
7 3
7 5
4 4
1 6
6 8
2 9
10 5
1 10
5 6
2 7
9 3
5 3
6 9
10 2
9 8
6 4
9 7
10 4
6 5
5 7
1 7
3 4
6 4
1 9
10 9
9 3
10 5
3 1
7 1
5 1
10 6
6 10
4 7
1 2
3 6
5 9
6 9
4 5
5 1
1 7
9 1
2 4
1 4
8 3
6 4
3 8
7 1
5 6
8 6
10 10
2 1
4 1
1 8
6 7
1 3
6 2
3 8
9 5
15 20 87
15 17 62
17 12 75
10 18 95
14 12 71
12 15 52
14 17 77
15 16 99
10 17 78
11 13 99
12 19 58
13 11 54
20 15 68
16 11 77
20 13 93
16 18 72
18 12 72
16 15 53
19 18 78
18 14 51
15 10 98
19 19 60
10 17 96
15 13 76
11 11 78
16 17 94
13 13 65
10 10 54
14 19 84
12 13 70
13 12 56
20 14 100
18 10 76
12 15 65
15 13 85
20 16 89
16 18 58
19 15 86
18 10 64
13 14 68
17 17 85
20 19 57
12 13 61
15 19 80
10 13 63
10 18 56
14 13 71
15 15 59
20 17 73
20 13 89
17 14 90
14 20 83
13 18 62
12 13 93
19 13 67
14 15 53
20 16 87
16 16 74
13 20 58
18 16 91
14 12 50
17 12 62
12 12 93
19 13 65
16 11 53
16 14 66
14 16 57
10 19 72
11 20 83
11 20 66
11 10 65
19 12 93
20 17 50
15 19 63
15 11 60
17 20 82
19 11 95
17 10 88
14 15 73
15 13 60
10 17 87
19 13 86
15 13 85
14 13 58
12 11 71
15 11 55
12 19 76
16 17 83
16 17 54
17 17 64
17 18 54
17 13 86
16 18 58
14 10 87
10 11 78
15 13 62
18 16 83
11 15 77
17 17 79
19 18 98
15 17 93
19 14 83
19 20 80
10 10 72
11 17 65
18 12 71
14 13 99
13 18 97
16 20 63
16 19 60
14 17 52
19 17 58
10 17 76
18 14 71
15 11 87
18 18 74
11 20 76
20 17 58
17 10 50
13 15 96
17 20 51
18 10 76
15 12 96
16 11 94
16 20 56
14 15 90
20 15 69
20 19 77
12 20 53
10 15 93
12 16 83
20 12 52
15 18 79
19 15 55
13 10 77
13 11 52
12 10 96
10 12 50
19 13 98
16 12 100
12 13 91
20 17 84
20 17 75
12 13 71
10 15 80
18 10 79
12 13 99
18 11 83
14 18 66
14 16 87
16 20 58
15 14 61
17 20 74
17 14 96
14 19 78
14 13 95
12 19 85
13 13 69
12 16 88
19 15 87
13 15 57
20 12 58
13 15 82
17 10 67
10 18 75
11 11 55
14 16 55
18 19 89
10 10 82
11 10 55
17 10 55
17 14 68
16 20 79
17 19 91
17 10 70
16 11 79
18 11 93
12 13 100
14 14 66
13 17 80
17 18 72
12 16 70
15 10 67
14 15 59
20 19 51
13 15 80
13 13 80
17 20 96
12 11 95
20 10 59
19 17 79
19 14 83
19 10 56
16 10 75
15 18 78
10 17 61
11 13 78
14 18 81
11 20 53
10 20 97
10 18 60
19 16 54
13 20 58
19 12 78
18 13 65
19 13 93
19 12 90
12 20 93
17 19 72
20 20 71
20 12 77
11 12 99
19 20 69
11 19 72
16 14 93
10 18 81
12 14 59
16 13 92
15 13 60
14 18 59
18 19 73
16 18 82
14 19 88
14 10 64
17 20 79
14 14 66
13 20 64
15 10 98
17 20 96
13 17 73
13 17 62
12 14 64
10 20 77
10 15 67
20 11 68
10 11 54
20 12 84
17 10 65
10 17 68
18 17 81
15 16 61
10 11 90
20 13 60
14 11 97
12 11 61
20 14 52
18 14 65
10 12 84
13 14 52
19 10 83
18 18 93
17 13 85
13 20 69
11 19 59
19 20 91
18 11 72
12 19 81
12 10 61
11 18 61
19 20 57
16 20 63
11 20 83
16 17 78
19 11 95
18 10 90
11 10 78
15 18 62
13 11 84
20 16 67
17 11 66
14 20 60
17 19 72
19 13 67
14 14 96
13 19 90
15 20 91
16 11 67
11 20 95
17 15 62
18 14 61
16 17 86
19 13 67
15 20 65
16 14 59
20 18 54
14 14 68
12 12 92
20 19 50
15 15 86
10 13 97
11 13 94
17 14 65
12 17 71
17 15 99
16 20 70
11 13 69
17 18 51
10 13 50
19 12 72
10 16 96
11 16 93
14 14 87
11 12 77
16 17 64
12 19 61
10 10 98
19 19 81
10 15 73
17 10 69
18 13 53
12 17 56
13 18 72
20 12 79
16 16 96
13 12 73
14 11 54
19 11 91
14 19 52
15 17 69
17 13 51
19 16 53
13 15 67
14 12 68
15 20 99
13 15 100
15 15 88
18 18 93
14 14 83
19 15 66
10 15 75
17 12 77
18 14 94
16 11 91
19 10 79
19 20 52
16 18 81
18 15 89
19 15 92
19 15 84
18 13 96
15 15 67
17 10 89
19 14 74
15 19 84
13 17 88
18 10 68
13 15 67
20 13 61
11 12 57
13 13 78
16 16 78
20 15 51
14 15 55
16 12 94
18 18 71
14 14 99
19 20 95
11 10 90
20 15 94
16 18 88
