400 131
7 10
3 4
10 10
2 8
2 4
9 10
2 10
4 2
1 1
7 9
10 6
6 3
5 9
8 1
4 10
5 5
8 9
4 4
3 8
8 7
3 2
2 1
8 3
9 8
9 8
3 1
9 2
1 2
5 5
7 8
3 6
2 9
9 3
2 9
2 3
2 6
3 6
7 9
1 6
1 2
3 3
10 9
3 9
1 4
7 5
4 7
7 2
3 8
8 6
1 9
8 9
9 5
10 2
1 2
5 7
7 10
10 4
6 8
2 3
5 7
2 5
6 8
1 10
7 5
4 9
9 7
1 7
7 8
3 10
9 2
6 3
6 8
8 3
8 4
6 8
1 8
2 3
4 1
2 1
7 10
9 1
5 6
8 3
6 3
1 8
5 3
8 6
1 8
3 4
5 9
5 7
6 3
4 2
9 9
9 8
4 6
10 10
7 5
6 7
10 1
5 8
3 1
8 8
4 9
8 4
4 7
3 3
5 8
3 5
7 6
2 9
9 3
1 7
1 5
7 3
4 2
1 5
1 6
2 1
1 2
4 7
2 4
9 10
4 9
3 1
2 4
3 3
3 1
7 8
9 10
9 5
8 6
2 1
6 6
10 8
3 1
7 7
9 5
1 10
3 5
4 2
8 9
2 1
7 2
8 7
1 6
7 5
1 1
9 3
4 10
3 6
8 8
5 1
2 8
4 7
6 10
10 6
10 4
8 7
6 1
7 8
4 7
7 9
1 3
1 6
1 3
4 5
4 6
7 3
8 10
2 7
6 10
10 3
8 1
9 5
5 8
1 3
3 1
7 8
5 9
6 1
10 9
3 1
6 4
8 10
6 7
6 2
2 1
7 7
7 8
8 6
7 5
3 1
4 4
10 9
7 10
9 3
8 9
4 1
6 9
2 8
8 1
7 4
4 2
3 5
2 10
1 3
5 2
2 7
9 5
6 4
10 9
1 3
7 3
5 3
4 3
5 3
9 1
5 7
3 9
6 3
9 6
4 4
4 2
9 1
2 3
9 3
9 10
1 3
2 8
1 5
10 8
3 8
10 3
10 3
4 2
6 9
6 6
6 3
9 3
8 4
9 3
2 4
4 4
3 9
10 6
6 8
9 7
2 3
7 6
8 9
1 2
4 9
6 6
6 5
3 1
1 10
9 9
8 8
2 1
3 3
3 10
6 9
3 1
4 7
6 1
9 3
9 4
7 8
1 3
9 6
9 10
7 3
3 7
3 7
5 4
2 4
6 9
1 1
4 6
5 3
7 6
8 6
10 1
2 10
5 10
8 8
6 5
3 2
3 5
5 1
2 2
10 3
4 1
6 2
8 1
10 7
8 8
7 8
5 10
6 1
5 7
4 6
7 8
9 7
3 8
5 8
9 3
10 1
10 6
5 10
4 4
7 8
1 6
9 6
5 6
2 4
3 2
7 6
1 6
10 2
4 1
3 2
4 4
3 3
5 9
1 2
4 9
3 7
2 10
1 5
3 10
5 1
10 7
7 10
2 3
2 6
5 4
7 10
6 9
1 2
8 2
9 7
6 8
9 8
5 5
5 1
8 7
9 6
3 7
7 10
8 9
7 10
1 6
9 10
2 1
1 2
6 9
1 2
4 2
3 2
5 8
3 8
10 1
7 7
8 4
7 10
1 3
9 7
10 10
1 1
1 10
8 4
7 8
1 4
4 7
7 6
7 7
1 8
7 8
6 6
2 6
9 4
10 9
2 10
4 8
1 7
4 3
2 4
3 5
3 7
8 1
9 9
3 1
8 8
8 1
7 2
3 1
4 1
7 10
16 15 1000
10 8 100
9 5 850
18 20 350
14 19 950
26 9 400
17 11 900
8 18 650
10 6 350
23 17 650
2 7 650
15 17 100
25 19 1000
17 17 250
15 11 850
14 27 500
14 12 400
9 3 450
17 18 300
11 17 250
15 11 750
16 13 700
10 10 750
16 30 150
18 27 550
20 11 750
9 21 1000
23 26 600
12 11 900
9 9 200
19 17 550
9 7 600
11 18 200
10 10 850
6 16 600
9 20 550
5 6 150
6 7 1000
19 17 100
19 20 600
28 20 600
22 24 850
15 15 750
23 20 1000
14 14 400
10 8 400
13 17 1000
10 18 700
12 11 100
21 19 450
9 12 200
15 15 550
23 18 750
19 19 850
19 26 950
21 18 350
16 13 200
7 9 600
14 12 950
13 20 600
16 17 400
12 16 800
13 13 100
12 9 700
14 25 100
21 16 800
14 13 100
20 15 300
16 16 800
18 19 1000
16 19 450
22 19 1000
15 17 100
14 19 650
26 11 350
6 11 550
15 13 1000
23 13 900
19 21 250
14 30 650
26 22 450
6 9 500
11 16 250
19 12 700
23 14 750
15 10 650
9 15 450
8 17 450
15 14 650
14 12 650
19 10 350
24 15 100
18 18 450
19 11 300
19 17 150
10 11 700
8 5 400
10 8 450
15 17 800
9 13 400
24 29 450
12 12 100
11 15 300
9 12 100
13 6 1000
18 12 550
6 9 1000
14 18 450
10 9 400
23 18 150
25 12 150
16 3 850
21 19 650
7 15 500
24 5 550
5 26 500
13 5 900
2 14 950
5 8 350
10 7 600
18 5 450
28 7 900
30 10 850
28 29 500
27 14 650
5 27 350
19 16 550
25 16 650
10 3 600
23 6 650
17 7 200
