450 156
5 1
2 3
3 1
3 1
2 2
5 3
5 3
2 2
5 4
4 4
2 3
5 2
1 5
4 2
5 2
5 3
2 1
2 3
5 3
2 5
4 2
2 2
2 5
4 1
3 5
5 3
2 5
4 3
1 2
5 5
4 3
1 3
3 5
3 3
4 3
4 2
1 5
2 4
1 5
3 3
1 4
5 4
5 3
3 4
1 5
5 1
4 2
2 5
5 4
1 2
3 5
3 4
1 5
1 1
1 2
2 4
1 3
4 1
3 1
2 1
1 4
3 5
4 5
3 1
3 2
3 1
1 2
2 3
3 5
2 3
5 1
3 4
3 3
2 2
4 3
5 1
2 4
4 4
1 2
1 5
1 5
4 3
3 4
1 5
4 2
4 5
2 2
4 1
2 5
1 4
3 1
3 4
2 1
5 4
2 1
4 2
1 1
3 5
3 2
5 2
1 5
3 2
1 3
3 3
4 5
1 2
3 3
2 2
1 5
1 2
5 3
5 3
4 4
1 4
4 1
3 3
3 2
2 2
3 1
3 3
4 3
2 1
1 3
2 4
1 1
1 4
4 1
5 5
1 3
2 2
1 4
2 1
2 2
5 5
1 1
3 4
3 3
4 1
3 1
1 1
4 3
3 4
5 2
2 4
1 1
3 2
4 2
2 5
3 2
2 3
5 1
5 3
2 4
2 5
5 1
5 3
3 1
2 5
2 4
4 5
5 1
5 5
5 4
5 5
5 3
3 5
1 4
3 5
4 4
4 1
5 3
3 1
1 4
5 2
5 1
2 1
2 3
3 5
2 3
4 1
4 1
4 3
5 2
4 1
5 1
3 5
2 3
5 2
1 3
5 1
4 3
2 1
5 5
3 2
3 4
3 1
2 1
4 2
2 1
4 4
2 3
5 1
5 2
1 1
3 1
2 5
1 1
4 1
2 5
1 2
4 3
3 3
1 3
5 5
3 4
2 1
4 1
2 4
5 1
1 1
1 2
2 2
2 5
1 5
4 2
1 1
4 3
3 3
3 1
1 3
4 2
3 4
4 5
5 4
2 5
1 1
2 2
3 1
2 3
2 4
5 2
2 3
1 4
1 4
2 2
2 4
2 4
4 5
3 1
1 5
2 4
2 2
3 3
2 5
2 4
2 5
4 4
2 4
2 4
3 3
4 1
2 2
4 4
3 5
3 1
3 3
5 2
1 4
5 3
5 2
2 1
1 3
4 3
3 4
5 2
4 4
3 4
4 5
5 2
3 1
1 4
5 2
4 3
4 3
5 5
5 4
5 2
5 3
5 1
1 1
4 1
1 1
2 4
5 2
3 1
4 1
1 5
3 1
4 3
2 4
3 2
1 5
3 5
5 2
3 1
1 2
4 1
2 5
3 4
4 4
3 5
2 1
4 5
5 4
3 4
2 3
5 1
4 5
2 2
3 4
5 2
4 4
2 2
3 2
2 2
5 1
3 2
5 3
2 2
3 1
4 2
5 3
2 3
4 1
3 4
5 3
2 5
2 4
5 5
5 4
4 4
2 3
5 1
4 4
4 3
3 3
5 4
2 1
2 4
1 5
2 1
5 3
2 1
5 3
1 5
5 2
3 3
3 3
4 5
4 4
1 5
1 1
3 3
5 1
1 1
2 4
2 5
1 4
1 1
2 2
4 1
3 4
4 2
3 4
4 5
2 5
2 4
3 1
5 3
5 2
2 4
1 1
3 3
5 3
2 4
5 3
5 4
4 3
5 5
4 5
1 3
2 5
4 1
1 5
3 4
1 1
4 3
5 5
1 3
5 1
1 3
1 5
2 2
1 1
4 5
4 4
5 4
4 2
2 1
5 1
2 2
4 3
3 1
5 5
1 2
3 5
3 4
1 5
2 3
3 5
5 2
4 2
3 1
3 5
5 1
5 4
2 1
2 2
4 2
4 4
4 3
5 2
5 5
3 5
3 3
3 4
3 5
5 4
1 3
3 5
2 3
2 1
1 2
1 1
3 2
4 5
1 1
4 3
3 1
3 3
8 12 700
6 10 750
5 5 1000
11 10 700
7 9 350
9 4 900
5 9 450
3 3 450
7 8 850
10 12 600
3 8 250
10 8 400
6 11 300
5 8 600
7 4 450
1 7 100
5 5 250
12 8 1000
6 3 750
3 4 100
3 5 900
8 9 600
5 6 800
6 6 350
11 13 450
4 7 250
4 5 900
8 6 350
13 12 200
8 3 150
11 8 150
9 6 800
8 7 250
10 5 1000
10 5 700
12 8 600
9 7 250
10 8 250
12 14 250
5 5 450
3 14 750
5 4 450
8 6 950
13 9 950
9 9 350
19 9 750
10 6 850
7 11 250
5 3 350
6 6 800
4 6 100
14 9 200
12 10 150
14 10 800
5 7 150
12 6 450
12 8 400
8 4 400
5 6 250
14 10 1000
11 14 400
7 6 850
8 10 900
9 9 1000
7 5 300
7 7 150
6 11 450
10 4 150
5 11 850
6 14 250
5 5 500
5 2 250
10 12 800
7 3 650
3 5 250
5 7 700
4 3 500
11 5 400
4 4 450
6 7 1000
13 8 850
10 4 650
5 4 800
9 8 500
8 10 550
7 5 550
11 6 600
8 8 600
10 6 400
10 6 250
6 6 550
10 6 500
9 5 1000
6 9 350
9 7 550
6 7 850
6 12 100
14 10 200
8 14 650
7 5 300
7 10 400
8 4 150
14 15 350
9 4 250
5 3 650
2 3 100
6 5 650
9 8 350
16 9 800
8 6 100
10 7 900
7 12 750
3 6 900
5 8 300
5 4 600
13 6 300
11 6 400
12 10 700
6 12 600
8 11 200
7 7 650
5 7 600
7 6 150
6 4 850
9 8 850
5 8 750
15 12 150
5 9 550
10 6 150
5 5 700
10 5 450
10 23 900
8 21 700
17 8 500
6 21 700
4 15 450
18 23 550
27 27 400
22 14 200
24 11 800
25 25 850
26 29 250
12 30 600
17 16 150
7 5 1000
24 28 400
7 25 400
27 25 450
21 18 950
26 1 150
14 26 750
21 15 900
25 12 750
10 27 250
27 21 150
9 4 500
