500 171
2 1
4 4
3 3
4 4
1 3
4 4
4 5
2 2
5 5
1 4
3 2
4 4
1 3
3 3
4 1
4 2
5 1
1 3
5 2
3 1
2 2
2 3
4 4
2 1
3 4
4 3
3 2
1 4
5 4
3 4
4 3
3 5
4 2
3 2
1 5
1 1
5 2
3 5
3 3
5 1
1 2
4 3
4 3
1 5
4 1
2 1
5 2
1 2
4 2
4 2
4 1
2 2
3 5
4 4
1 1
4 4
3 3
1 2
1 1
3 2
2 5
4 2
2 3
3 3
1 5
3 3
5 2
5 4
2 1
5 5
3 4
2 5
3 5
1 2
4 2
3 5
2 4
4 3
3 4
5 3
3 4
4 1
2 2
2 1
3 5
3 1
3 3
5 3
1 5
5 3
1 5
2 4
5 4
4 4
1 2
4 5
2 3
1 5
1 3
5 5
2 4
3 2
1 1
1 2
3 4
3 5
1 1
4 5
1 2
2 2
4 5
2 4
4 3
4 3
2 4
3 5
2 1
3 4
2 5
2 1
3 5
3 3
1 1
1 5
3 4
1 1
1 3
2 3
4 3
3 5
1 3
1 2
1 3
1 3
2 2
3 1
5 4
4 3
3 1
3 2
3 4
5 3
1 1
5 1
4 4
4 4
3 4
5 5
1 3
4 4
5 2
5 4
4 5
4 5
1 1
5 2
4 1
4 2
3 4
2 1
2 3
2 5
3 3
4 4
3 1
2 5
4 2
3 2
3 4
5 3
2 3
1 3
5 4
1 1
4 1
2 2
3 4
3 4
3 4
1 5
5 3
2 3
3 1
3 3
1 2
1 1
1 1
3 5
3 4
3 5
3 2
4 1
5 3
2 3
3 2
5 3
1 3
4 3
1 1
5 4
5 1
1 5
1 5
1 5
4 3
4 2
3 4
2 1
1 4
2 4
4 5
4 3
3 5
3 4
1 4
4 5
3 1
2 3
2 2
5 2
3 1
1 1
2 4
4 2
3 2
5 3
2 2
5 2
1 3
5 5
2 3
2 3
4 3
2 4
4 5
1 1
4 2
2 3
2 2
5 4
5 4
3 1
4 2
1 2
1 2
5 3
2 2
2 1
2 5
1 5
5 5
2 2
3 4
5 1
2 2
4 1
5 4
2 4
4 1
3 1
3 2
4 4
4 2
3 5
1 3
2 4
3 5
2 4
3 2
1 4
3 2
4 4
1 4
3 1
4 1
2 2
3 1
4 4
1 1
1 3
3 4
2 3
1 3
2 5
1 2
3 1
2 2
4 2
1 1
1 3
5 3
5 3
2 5
1 5
5 5
1 5
5 3
2 4
3 2
5 5
3 5
3 4
1 5
3 5
4 4
3 5
2 5
4 4
5 3
3 1
2 1
3 5
2 1
4 5
3 3
2 3
3 4
4 3
5 2
2 3
3 1
1 3
5 4
2 1
5 5
4 3
5 1
5 5
4 5
3 1
4 5
2 5
3 4
3 4
2 4
2 1
3 4
4 1
5 4
3 1
5 5
3 1
2 2
1 5
4 1
5 4
5 2
3 2
1 5
2 3
3 2
3 4
1 5
4 5
5 2
5 5
1 4
2 4
5 3
4 5
2 5
3 5
3 3
4 3
2 1
4 2
3 4
3 5
2 2
4 3
1 2
3 2
2 1
4 3
1 5
5 3
2 3
4 2
3 1
2 1
5 3
3 2
2 2
1 4
4 5
2 2
3 2
3 3
1 5
5 5
4 5
4 5
5 2
3 5
4 3
2 5
4 1
3 3
1 3
2 4
3 4
2 4
4 4
1 4
1 4
1 1
1 1
2 5
1 5
4 2
3 3
2 3
2 5
2 2
1 4
5 4
3 3
5 4
2 2
2 5
1 4
4 3
3 3
1 4
4 5
4 2
5 2
2 4
3 1
2 2
3 2
1 1
5 4
1 5
3 4
2 2
1 5
2 1
1 1
4 1
5 4
3 1
1 1
2 4
2 5
5 2
4 4
1 2
5 4
1 1
1 4
1 2
2 2
1 5
2 4
5 5
2 1
2 1
4 1
3 1
5 4
3 1
4 3
2 2
5 4
3 4
5 3
3 3
3 3
2 1
3 3
5 2
3 4
1 1
3 2
2 1
5 2
1 3
5 1
3 2
4 1
5 4
5 2
3 2
2 4
3 1
3 3
1 4
4 4
1 3
1 4
2 5
4 3
4 2
3 2
1 4
4 1
3 5
1 5
2 2
9 12 350
8 10 950
5 7 300
10 10 250
4 7 450
14 9 700
13 15 150
4 6 200
6 18 350
6 10 250
11 6 750
12 8 800
8 5 900
10 3 750
11 9 450
6 7 300
7 5 850
6 7 350
6 6 1000
11 10 500
10 5 950
5 6 500
8 11 500
7 3 450
7 15 800
5 6 150
6 4 550
11 12 700
6 8 850
8 8 350
4 4 550
10 4 200
6 7 500
8 10 400
7 4 550
4 4 1000
6 3 750
8 4 900
19 7 750
4 7 700
13 12 550
6 8 750
6 7 1000
6 9 400
14 10 850
17 9 100
5 4 300
11 8 200
4 9 500
11 8 100
6 7 1000
5 5 150
6 7 550
8 9 100
13 14 300
6 7 650
9 7 600
7 9 800
3 6 650
8 10 600
8 10 800
6 3 650
6 11 250
3 3 900
9 5 700
2 1 400
9 7 500
12 13 600
9 11 450
6 11 450
8 13 350
5 7 350
5 8 1000
8 10 350
10 6 700
3 8 750
8 3 400
9 4 100
8 8 1000
8 12 300
6 5 900
12 13 550
4 5 150
8 5 350
5 7 550
8 10 900
8 9 800
11 6 750
11 10 450
6 6 950
7 5 500
6 9 650
4 7 300
6 4 850
7 8 300
9 4 100
7 4 550
3 7 600
7 7 250
6 8 450
11 16 750
8 7 1000
10 10 650
12 10 500
13 12 950
7 8 100
7 11 750
4 3 800
4 5 750
7 7 650
5 5 600
4 5 450
3 5 450
5 7 650
3 7 1000
2 8 850
10 12 350
4 9 350
7 12 250
10 13 500
7 9 1000
11 11 300
4 7 950
8 11 400
8 9 550
7 4 400
5 6 900
9 12 750
8 7 650
3 4 100
9 9 750
5 9 600
6 8 650
5 3 400
5 6 350
7 10 600
8 11 100
6 13 100
6 3 150
2 7 250
5 6 750
2 5 150
19 12 800
5 23 750
20 22 100
10 17 600
21 4 700
25 3 600
2 25 100
6 25 750
1 2 900
12 15 450
22 14 950
8 4 450
16 9 150
13 2 950
22 12 500
7 13 150
22 12 850
19 19 950
24 5 300
21 21 300
5 8 950
21 24 200
13 5 750
6 23 500
21 16 750
22 9 700
2 25 250
19 24 200
9 6 150
