550 191
2 5
2 1
2 4
3 4
2 1
2 5
4 3
2 1
2 5
5 5
1 2
5 5
5 5
5 5
3 5
5 3
1 1
5 3
3 3
5 2
3 5
4 2
3 5
3 3
2 2
1 4
5 5
4 5
3 4
4 1
4 4
4 3
4 5
5 1
5 5
1 2
1 5
2 3
4 3
4 5
4 1
5 2
2 4
4 2
5 4
4 3
3 1
4 1
3 3
2 4
5 2
4 5
1 4
5 2
2 5
2 5
4 2
5 5
5 3
4 4
1 1
4 2
2 4
5 3
5 1
1 5
1 2
5 4
2 2
2 2
3 3
5 1
1 4
3 4
1 2
4 3
2 1
3 5
3 4
3 5
3 5
1 1
2 5
4 3
5 2
5 4
5 3
3 5
4 1
4 1
4 4
3 5
2 4
5 5
4 4
4 5
1 4
3 3
1 1
3 3
4 2
5 4
5 1
5 1
2 2
5 1
3 3
1 1
3 2
3 1
2 1
3 1
3 1
1 2
1 1
3 3
4 5
3 4
2 4
3 3
1 1
3 5
5 3
1 3
1 2
5 5
4 5
4 5
2 1
2 4
4 1
1 2
4 2
1 3
1 3
4 3
1 4
3 4
1 1
3 2
3 2
2 4
4 5
1 3
2 4
3 4
5 2
3 1
2 5
4 1
5 1
5 3
5 2
3 2
2 3
2 3
5 1
4 4
4 3
3 1
5 3
1 3
1 5
2 3
1 2
4 1
3 5
3 4
4 2
1 3
5 3
3 1
5 4
1 4
4 2
3 1
3 3
4 5
3 4
1 2
5 2
3 4
3 3
5 4
3 1
1 5
4 5
4 2
5 5
3 1
4 5
2 4
4 3
1 2
1 4
1 4
1 1
3 2
1 2
4 2
2 3
2 2
1 1
4 3
4 1
3 4
5 3
2 3
5 1
3 1
1 5
5 5
3 5
5 4
1 5
5 3
2 3
5 5
1 1
4 4
3 2
3 5
4 4
1 3
3 3
4 3
1 3
5 1
4 4
2 5
2 3
5 1
5 4
5 2
4 2
4 3
3 1
1 1
1 2
3 1
3 1
4 1
3 2
4 3
5 5
1 5
5 4
1 2
3 5
4 3
1 4
4 3
1 3
1 3
3 1
5 1
3 3
4 1
5 5
4 3
2 4
3 3
4 3
3 4
2 2
5 2
4 2
1 5
5 2
5 4
4 1
4 2
4 3
4 4
4 3
5 3
1 1
4 3
5 1
3 2
3 2
1 3
1 3
1 1
5 3
4 3
2 3
5 1
5 5
1 4
5 2
2 5
4 3
2 5
2 5
3 1
2 2
1 4
5 1
5 1
1 3
5 5
5 4
5 1
1 5
3 2
5 3
2 4
5 4
2 4
4 2
1 4
2 4
1 3
4 2
1 5
5 4
4 5
4 5
5 4
3 5
5 3
3 3
4 4
3 2
2 1
5 3
1 4
4 4
1 2
4 3
3 5
3 5
3 1
4 2
2 5
2 4
4 5
2 4
3 5
4 4
5 2
5 3
3 1
2 5
4 3
3 3
4 5
4 1
3 1
3 2
1 4
2 5
3 1
5 1
1 4
5 4
4 1
2 3
2 3
5 4
5 4
4 3
5 2
5 5
3 4
1 1
1 5
1 3
2 5
3 1
4 5
3 4
1 5
3 2
5 2
2 1
2 1
4 4
4 1
2 2
2 5
5 2
4 4
4 5
5 4
2 4
1 5
4 1
3 3
1 5
5 3
3 5
3 3
4 4
3 3
3 2
3 5
3 4
3 1
3 1
3 5
2 3
1 3
4 4
5 5
2 3
2 3
3 5
3 4
4 4
5 5
4 5
3 5
2 4
2 2
3 3
2 1
2 2
4 3
2 3
4 3
4 3
1 4
5 2
4 2
4 5
5 2
2 2
3 2
4 4
3 2
4 4
1 4
4 4
4 1
2 5
2 2
2 1
2 3
1 4
4 4
5 3
3 1
2 4
4 2
1 4
1 2
4 4
2 1
1 4
3 5
5 5
4 1
1 2
5 1
5 5
4 2
1 5
5 3
3 4
5 2
3 2
1 3
2 5
5 2
2 3
4 1
1 1
1 4
2 2
2 1
1 2
3 1
3 5
1 2
4 1
5 3
2 3
1 5
5 2
3 4
5 1
3 3
2 2
2 1
3 1
1 1
2 5
4 5
4 3
2 3
4 3
1 5
1 2
2 5
4 3
4 1
5 1
3 1
4 3
5 3
1 5
4 3
2 3
5 4
3 4
2 4
3 5
3 5
3 3
5 5
4 2
2 5
4 2
4 4
1 2
4 1
2 1
5 2
1 1
5 3
5 5
4 3
4 2
3 3
4 3
1 1
1 3
3 5
3 2
5 3
5 1
5 5
1 5
3 3
1 4
5 2
4 1
1 2
4 2
3 2
4 5
5 2
3 4
4 5
1 4
3 3
5 2
3 4
12 9 500
8 15 150
4 3 750
4 2 150
14 10 750
10 6 850
10 9 200
8 3 200
8 9 850
12 6 250
10 7 400
10 9 900
5 9 300
11 5 100
10 8 400
6 4 450
4 7 800
10 6 850
6 6 100
6 9 1000
6 9 550
7 8 950
5 2 700
9 11 600
8 12 450
9 7 950
8 5 500
11 13 500
12 8 800
11 10 400
10 9 550
8 3 450
3 4 900
7 10 350
4 9 250
11 6 250
8 10 850
13 11 700
7 8 650
10 12 1000
9 14 850
6 12 700
8 2 600
6 8 250
9 5 350
3 5 950
3 5 500
11 4 550
16 11 500
7 7 250
3 6 650
10 5 600
5 4 950
3 2 300
2 6 750
6 6 350
7 6 600
10 6 150
9 12 650
6 6 1000
7 8 1000
7 8 300
7 5 750
7 9 450
5 7 850
6 5 100
7 8 300
12 7 750
10 7 400
11 10 300
11 11 750
8 5 550
8 6 350
6 8 900
8 9 600
3 7 550
1 6 450
10 10 600
8 9 100
9 8 900
6 6 750
11 7 650
5 10 1000
2 3 400
6 5 850
6 9 850
7 9 550
8 8 250
9 8 500
15 8 1000
5 6 550
8 4 100
6 3 100
5 7 400
5 4 400
7 15 900
5 7 150
7 8 200
2 6 600
4 7 700
10 5 300
8 8 250
7 11 350
8 10 950
10 10 300
9 14 650
4 4 600
5 6 100
8 6 950
10 9 250
5 9 1000
10 15 700
7 5 550
9 9 300
11 9 550
11 9 800
7 7 200
11 10 750
12 10 400
10 10 150
4 4 950
5 6 250
5 3 700
9 5 600
3 5 650
10 7 100
8 4 100
13 10 550
2 6 450
12 11 950
10 6 900
14 8 600
7 12 150
9 12 750
11 11 500
11 10 800
11 8 850
5 6 450
9 9 400
7 11 850
5 2 850
5 8 700
14 13 300
10 10 650
8 8 200
8 5 1000
6 11 900
4 6 900
8 5 900
10 14 200
5 6 1000
8 11 650
3 4 1000
15 8 700
4 3 500
9 8 650
10 12 550
9 6 150
5 2 450
2 22 600
5 13 1000
1 1 400
5 2 950
7 13 450
13 7 550
7 20 300
25 12 150
21 14 300
8 23 200
1 3 350
9 7 200
8 5 100
5 24 750
21 23 700
18 4 700
20 9 150
4 22 700
5 25 600
9 9 850
25 24 150
23 18 250
19 23 850
14 4 1000
13 15 450
5 4 950
2 4 850
24 4 250
7 10 400
3 4 400
10 17 950
13 16 850
