600 197
2 6
6 3
6 1
4 4
10 8
4 2
3 3
1 7
5 5
8 6
4 6
10 2
2 2
1 5
9 9
3 9
5 8
3 6
4 2
3 5
1 8
9 4
7 1
5 4
10 9
7 6
7 9
2 5
2 9
5 2
3 2
4 6
5 10
10 6
5 2
4 4
1 8
3 1
7 8
3 7
3 8
9 8
10 1
6 3
7 8
3 7
5 8
4 7
6 2
1 4
3 1
3 3
1 10
1 10
4 7
5 10
2 2
2 8
4 8
10 9
5 5
7 6
8 7
9 5
7 8
8 3
3 9
8 1
4 2
1 2
8 8
3 1
10 5
9 1
4 3
3 9
3 4
7 2
8 8
10 3
10 1
3 8
8 2
7 3
7 8
5 9
5 7
1 7
3 5
2 10
7 5
1 6
3 4
4 8
5 5
5 3
8 5
3 5
3 1
10 2
7 4
8 10
4 10
2 3
5 7
2 1
1 9
1 1
2 8
8 2
10 7
4 10
6 2
7 6
8 1
8 2
7 4
3 5
2 4
7 7
7 9
6 8
9 5
4 3
7 2
2 7
2 10
5 4
10 1
6 10
4 1
8 5
10 3
4 4
8 1
3 6
2 1
6 7
3 10
3 8
9 9
5 3
6 8
10 10
2 5
1 9
9 4
3 10
8 3
8 7
10 9
2 7
10 3
6 7
1 7
9 5
9 1
7 6
1 3
8 10
1 4
4 4
1 6
4 7
6 10
3 4
5 2
3 2
2 9
10 6
8 1
5 4
5 7
7 9
4 4
3 10
4 5
2 2
10 10
2 7
10 4
2 8
3 7
5 1
8 1
5 1
3 9
2 6
10 3
10 4
7 8
5 7
4 6
3 3
5 6
2 5
4 6
4 6
10 2
7 1
3 6
4 10
5 8
5 8
5 8
2 4
7 4
5 6
1 1
10 10
8 10
4 2
6 4
7 1
10 2
9 8
5 6
4 7
8 3
10 5
5 2
4 5
4 6
5 8
7 6
6 4
5 4
6 6
8 6
10 9
8 10
3 8
8 2
4 3
2 10
8 1
9 1
9 8
8 1
6 3
8 2
9 9
4 5
1 5
5 2
6 1
3 5
9 3
6 4
4 3
2 2
5 6
1 1
3 5
8 8
10 9
2 1
6 4
8 1
3 1
4 4
5 4
7 2
3 10
3 1
10 7
9 1
9 6
1 9
7 8
1 1
2 6
8 7
3 5
2 1
8 1
3 8
10 10
8 7
4 1
10 4
8 6
2 9
7 9
10 8
10 3
5 5
5 3
4 9
4 6
9 5
9 5
9 5
2 6
2 4
10 6
10 2
4 6
3 7
10 6
10 3
3 7
9 10
5 1
6 4
5 8
5 10
3 8
9 7
8 10
7 5
2 1
10 10
4 7
5 8
8 5
7 8
4 10
7 6
7 4
1 5
8 2
10 4
1 10
1 3
2 5
10 7
10 10
4 1
2 9
9 9
4 5
10 9
1 9
3 5
6 5
4 3
9 3
7 1
4 10
3 4
7 5
1 2
6 7
3 7
6 6
4 10
5 10
2 3
10 2
4 9
7 10
10 3
8 2
2 3
3 3
6 8
10 6
1 3
3 1
6 9
7 1
8 9
9 1
1 6
7 7
5 1
8 4
4 6
4 4
6 5
5 4
4 9
9 7
9 8
4 3
2 7
3 2
4 2
8 9
8 4
3 5
10 9
9 10
3 9
1 4
1 9
2 8
10 9
10 2
3 7
8 5
8 6
9 1
4 10
5 3
5 6
7 5
9 8
6 6
9 7
8 1
8 8
8 5
8 4
8 5
10 7
8 6
8 6
10 5
5 2
8 3
4 8
1 6
10 8
5 2
2 4
1 3
9 1
3 6
8 3
9 9
5 5
6 5
2 1
5 5
10 10
6 9
1 9
7 8
1 3
5 8
3 6
8 1
4 8
9 6
6 9
2 6
4 8
10 6
1 9
9 10
4 3
2 8
10 4
6 3
6 2
1 7
2 6
10 1
1 2
1 2
8 10
6 1
7 8
7 3
9 7
6 1
7 4
10 1
8 3
4 4
5 3
4 1
1 5
3 4
2 4
6 3
9 9
5 8
2 2
1 9
6 1
4 6
2 1
10 4
9 3
9 9
5 10
6 7
9 2
4 10
3 2
1 1
8 3
8 7
10 7
2 7
3 3
1 1
5 1
7 1
8 10
2 5
6 9
10 9
2 5
10 10
6 1
8 10
2 6
2 5
6 8
2 6
6 5
1 7
5 7
9 4
8 9
9 6
2 1
1 6
5 3
8 5
3 6
4 4
5 9
9 4
4 5
5 10
5 9
6 5
1 10
6 7
8 3
8 7
5 6
8 1
2 7
1 4
8 1
1 9
9 9
7 9
2 8
7 8
8 2
3 3
3 3
3 7
4 2
10 8
7 9
4 7
4 2
10 3
10 3
9 9
7 2
3 4
1 1
3 10
6 5
4 6
1 10
3 6
1 7
5 10
4 6
9 6
7 5
7 4
9 3
7 3
10 7
6 3
6 6
7 8
6 7
5 5
3 6
8 6
6 10
4 2
6 8
7 2
6 5
3 4
7 8
3 8
9 8
7 6
5 1
9 10
3 4
9 6
8 9
10 9
2 8
4 9
3 10
2 5
2 4
1 2
7 9
1 3
9 9
4 9
7 2
9 5
30 24 950
12 12 600
9 10 600
15 11 600
13 19 1000
16 28 700
5 8 650
11 12 700
12 13 250
21 23 400
15 23 1000
20 16 850
16 18 900
11 28 600
12 20 500
8 13 900
18 29 600
11 19 800
8 7 750
17 14 450
22 22 400
9 12 400
13 27 250
10 13 750
11 16 1000
9 16 400
15 15 550
10 12 600
7 7 150
12 13 200
15 16 650
4 12 450
12 21 950
17 11 250
15 21 100
30 14 250
3 9 950
9 19 350
9 19 100
24 19 250
13 22 250
13 14 550
26 15 950
12 25 500
11 20 600
7 5 850
11 17 150
29 25 550
8 16 700
6 7 1000
11 18 650
12 14 700
27 16 200
12 13 950
16 12 700
18 16 100
12 8 200
22 9 250
25 9 900
6 6 1000
15 15 700
11 9 150
12 7 600
12 24 450
17 9 700
7 9 850
12 21 700
16 23 350
3 18 650
9 8 150
13 14 250
17 22 200
19 15 700
18 15 750
18 11 950
18 10 750
17 11 750
22 18 950
21 17 950
14 9 400
10 10 500
19 18 500
17 18 750
19 15 950
11 13 650
11 15 350
15 12 800
16 25 350
16 17 900
11 8 300
7 7 550
10 9 150
4 7 100
23 23 500
9 13 350
27 30 650
11 10 300
12 18 1000
16 10 400
6 13 900
26 16 500
17 17 200
19 23 250
25 23 600
8 3 350
15 5 850
25 13 200
19 10 950
17 26 200
14 11 250
10 11 700
12 15 900
22 26 650
30 16 600
9 7 800
12 13 550
12 15 300
12 8 350
17 21 1000
12 4 500
9 9 1000
14 14 100
15 11 950
9 8 250
24 23 600
12 17 650
7 5 750
11 6 950
28 25 500
14 22 600
3 11 600
6 7 300
7 16 1000
23 16 400
13 10 400
17 16 350
12 11 650
17 18 950
27 29 100
30 23 750
9 18 750
12 20 700
22 11 300
17 16 300
10 6 900
18 23 250
30 20 700
11 6 800
14 23 250
19 15 450
10 17 700
20 17 700
13 15 300
12 18 900
13 19 750
7 9 850
3 11 100
16 12 700
12 15 400
9 15 150
13 20 300
14 16 350
9 10 800
10 18 400
13 23 1000
1 6 450
22 17 150
8 23 250
24 30 950
30 15 300
27 20 550
13 20 900
4 8 900
9 30 750
2 29 350
30 14 800
7 17 550
20 22 850
6 6 200
1 2 350
26 23 400
14 11 550
8 24 200
9 4 300
24 26 550
9 2 500
8 3 850
7 9 100
24 4 300
14 17 100
26 14 600
24 28 100
3 30 550
2 22 750
18 1 750
22 12 400
13 30 650
