650 216
5 3
1 3
4 3
3 4
5 2
3 5
4 5
1 4
3 5
3 5
4 1
2 2
2 4
1 2
5 3
3 4
2 2
3 2
2 2
5 1
2 3
2 1
2 1
3 3
4 4
2 4
3 1
1 5
3 2
4 4
4 3
4 4
5 2
5 5
3 2
5 4
3 1
5 2
5 3
1 2
2 1
5 4
3 2
2 5
2 5
2 3
1 4
4 2
2 4
4 4
3 3
2 1
3 4
5 1
4 5
1 2
1 1
3 4
5 1
4 4
2 1
3 4
2 5
2 4
3 5
3 3
2 2
1 5
4 1
1 4
1 1
4 4
4 4
2 5
2 1
3 5
3 3
4 2
1 3
4 4
3 4
5 5
5 2
2 1
2 1
3 3
4 4
4 3
4 5
4 2
1 5
3 2
4 3
2 3
2 4
5 5
4 1
3 4
1 2
1 1
2 1
3 4
4 2
4 4
1 5
2 2
4 2
4 2
1 5
3 4
4 5
1 1
2 4
4 2
3 3
1 1
2 3
4 3
1 1
1 4
2 5
1 4
4 3
5 5
4 3
5 5
4 5
3 1
2 2
2 2
5 4
2 5
2 4
5 5
2 4
5 3
4 2
5 3
2 5
5 4
5 5
5 1
5 4
4 4
4 2
4 1
1 5
4 4
4 3
5 4
5 5
5 3
1 4
2 3
4 5
5 5
4 1
3 1
4 2
5 1
5 2
4 2
2 1
5 1
4 1
4 3
2 5
3 2
5 2
4 1
4 3
2 3
2 3
5 2
3 4
2 3
1 3
4 1
4 1
1 1
4 3
5 2
2 1
1 2
2 5
1 3
3 1
1 3
5 4
2 4
5 2
4 4
1 5
5 4
2 4
5 3
4 3
1 2
1 2
1 4
1 5
3 2
3 2
4 4
2 4
2 5
2 1
4 2
1 5
5 5
4 3
3 4
1 4
5 5
5 1
2 1
4 1
1 1
3 1
3 2
3 3
3 1
2 2
4 5
1 4
3 4
1 3
1 5
5 2
3 5
1 3
1 2
1 4
1 5
4 1
1 4
1 4
3 3
1 2
4 4
4 2
4 4
4 3
2 5
2 1
1 1
4 1
1 4
1 4
1 3
5 3
4 1
1 5
4 2
1 3
2 2
2 2
2 5
1 1
4 4
4 4
1 5
1 4
5 5
3 2
5 3
1 5
2 2
2 1
5 5
1 3
4 2
1 3
4 1
5 3
1 4
1 5
5 2
4 4
4 2
2 1
1 2
1 4
5 5
5 5
5 2
2 2
2 5
4 2
5 3
5 2
3 3
5 3
3 5
4 3
2 5
5 3
5 4
5 1
4 2
1 1
3 4
5 4
3 5
4 1
2 4
3 3
3 5
3 4
1 1
3 1
3 3
5 2
5 2
2 5
2 4
3 3
1 2
4 3
2 3
1 3
2 2
5 3
5 2
1 1
2 4
2 2
4 3
3 5
2 3
3 4
3 3
5 1
3 3
3 3
1 5
3 3
1 5
4 2
5 2
1 1
4 5
4 1
3 5
5 5
1 4
3 2
4 1
2 4
5 2
1 5
1 2
3 5
4 4
2 2
1 1
4 5
1 3
5 2
2 2
3 3
2 4
3 5
4 1
3 4
1 3
2 1
5 5
4 2
4 1
4 4
1 1
2 2
2 3
1 2
1 5
3 3
5 3
2 4
1 3
3 4
2 3
1 4
3 3
4 5
4 1
1 5
2 3
2 1
3 2
4 4
4 1
5 1
4 1
3 3
3 5
5 4
1 2
2 5
4 1
4 1
1 5
5 1
4 1
1 5
1 1
1 4
5 3
3 3
5 3
4 5
5 4
2 2
4 3
5 1
3 4
2 4
4 1
5 1
1 1
2 1
1 4
2 3
1 4
2 3
4 3
3 1
3 2
4 2
1 2
1 1
1 3
5 4
4 4
4 3
1 3
4 4
5 4
5 2
3 1
4 4
5 5
3 4
5 1
2 5
1 4
1 5
3 1
3 5
1 5
1 4
3 1
4 3
3 1
5 5
1 3
4 2
4 5
2 3
2 3
5 1
5 2
4 1
2 5
4 3
5 2
5 1
4 1
2 1
5 2
2 5
3 2
3 4
1 4
2 1
5 1
1 4
2 5
4 5
5 4
4 3
5 5
5 5
5 2
5 2
1 1
4 2
2 5
1 3
5 3
2 2
4 3
4 4
1 4
1 3
5 1
4 2
5 4
2 2
2 2
5 2
1 4
1 4
2 3
2 1
4 5
4 1
5 3
2 1
4 4
1 1
4 1
3 2
2 4
4 2
4 3
1 2
2 4
2 5
1 5
2 2
1 3
1 1
1 4
1 5
5 3
3 1
5 3
3 5
1 5
4 3
3 2
5 5
1 3
5 5
2 4
1 5
1 4
1 5
2 4
5 5
4 2
1 3
5 1
1 4
1 3
3 1
4 4
2 5
3 4
3 4
1 4
3 2
2 3
1 5
4 1
1 2
1 5
4 3
3 5
2 4
5 1
2 4
1 2
5 5
2 5
1 2
3 1
1 5
1 4
4 1
2 3
1 4
2 5
3 1
5 1
2 1
1 1
1 5
1 3
5 5
1 1
1 3
4 3
3 3
4 3
3 1
1 5
4 2
2 4
4 2
3 2
4 5
5 2
4 2
2 3
4 2
4 3
4 2
2 1
4 1
2 2
1 4
1 4
3 2
2 4
2 4
5 2
3 5
1 1
4 5
4 5
3 4
2 3
4 3
1 3
4 4
4 2
3 1
2 1
5 5
3 4
3 2
2 5
5 3
2 1
5 3
5 5
4 1
3 2
5 2
1 4
5 1
2 5
5 3
4 4
3 3
4 5
5 3
1 3
4 5
4 2
4 2
5 4
4 5
1 3
5 4
4 2
3 5
3 1
7 10 350
11 9 200
6 9 850
8 8 450
7 15 600
9 9 450
9 9 500
12 10 800
6 8 350
11 10 950
11 9 850
10 8 950
8 7 1000
11 9 450
10 14 200
5 10 100
12 8 650
8 7 150
15 9 400
11 7 500
9 6 550
10 12 250
9 6 350
2 2 900
2 5 300
8 7 500
4 6 250
8 7 750
4 2 150
7 14 1000
8 6 450
7 8 150
6 12 650
14 15 350
8 6 200
7 2 800
11 7 200
10 12 400
4 5 750
5 9 200
13 7 750
3 6 850
14 9 350
8 10 300
9 7 300
6 7 100
5 7 650
11 7 1000
9 15 350
7 7 1000
9 7 750
10 15 850
6 7 700
10 6 350
7 10 950
9 9 450
12 5 450
6 9 600
7 8 850
5 3 900
6 4 800
2 7 950
3 10 650
6 9 450
5 10 750
8 10 850
6 5 250
6 6 100
10 9 900
5 8 750
8 4 700
14 9 900
10 11 150
4 6 300
8 11 800
9 6 850
5 5 100
8 5 1000
7 5 850
2 5 250
8 10 150
9 6 500
13 8 850
10 11 500
5 6 650
6 1 550
5 12 300
7 12 250
12 8 350
5 6 300
7 7 950
5 4 200
10 9 950
10 3 250
5 17 700
4 3 600
8 5 300
6 4 650
11 5 700
9 11 850
5 11 400
6 10 150
10 11 600
10 3 800
4 4 850
6 9 500
9 11 350
2 9 1000
12 9 600
9 9 600
6 4 350
4 5 150
4 9 800
9 6 200
9 9 350
2 5 250
10 9 700
11 8 550
6 9 500
4 3 900
5 7 850
4 7 350
8 8 350
5 8 100
4 5 900
9 4 550
10 9 1000
6 7 800
10 7 900
6 9 550
8 5 650
4 11 1000
9 6 600
4 13 450
4 7 300
14 8 750
7 8 350
5 5 1000
13 12 650
2 8 950
14 8 900
7 7 550
8 9 450
7 9 550
9 6 100
4 5 950
9 11 1000
10 12 600
5 4 450
11 7 400
2 6 800
12 9 400
13 7 400
9 6 850
13 4 550
5 5 550
9 14 600
8 7 200
7 8 600
3 4 200
10 15 800
9 8 400
17 10 950
12 14 500
11 6 200
7 13 550
7 5 200
4 6 150
7 7 650
4 3 1000
6 11 550
6 9 350
8 7 150
8 9 500
8 5 600
6 10 450
3 5 700
4 10 600
3 8 250
8 8 900
19 9 700
11 7 900
3 10 350
29 7 800
1 7 1000
33 32 350
36 12 550
40 6 700
5 32 250
26 41 700
13 18 850
3 19 900
43 22 750
49 29 250
44 3 950
2 2 500
1 16 800
6 44 800
39 16 550
24 47 300
3 28 400
40 13 600
7 10 700
47 25 800
12 42 250
5 31 500
25 15 450
12 29 650
5 28 950
6 14 450
33 35 150
14 46 850
36 6 900
11 16 400
27 28 850
13 29 650
