700 700
10 10
10 2
10 2
9 5
1 7
9 2
3 8
1 8
6 10
1 2
8 9
6 5
9 10
4 10
1 10
7 9
3 2
1 7
6 1
7 10
9 9
8 2
10 6
4 1
8 3
1 6
6 10
10 7
6 8
3 7
8 7
10 6
3 7
10 6
1 2
8 2
3 5
4 4
10 10
4 5
5 6
8 5
2 9
8 10
6 5
2 2
3 8
9 9
9 7
4 7
2 10
3 1
4 7
7 4
2 1
6 4
10 8
2 3
5 2
1 10
1 9
1 3
7 9
1 9
4 9
10 4
4 2
3 2
8 7
10 7
9 2
6 8
10 3
4 4
10 7
4 1
7 9
1 9
5 1
9 2
5 2
3 9
6 5
10 5
7 3
9 6
9 6
1 7
8 2
4 8
3 3
7 9
5 3
6 3
7 2
10 9
9 5
7 3
6 8
7 5
9 9
1 3
10 1
1 6
5 4
9 4
6 2
2 9
7 8
3 5
8 9
9 8
3 8
6 7
4 9
1 2
8 2
5 10
1 1
10 1
3 2
3 1
1 9
10 3
9 6
6 3
5 3
5 3
2 6
7 2
1 10
1 7
7 3
7 7
3 9
3 2
8 2
8 7
3 8
2 2
6 2
7 10
5 5
8 1
4 9
10 1
8 3
4 2
10 2
2 9
6 5
2 5
5 8
8 9
4 5
8 9
4 8
2 5
6 9
10 9
5 3
4 9
4 8
3 6
5 10
7 2
1 3
8 7
7 6
8 9
8 3
10 4
4 10
1 10
1 3
1 9
4 10
10 7
2 1
6 7
9 9
9 4
8 8
6 7
6 8
10 9
7 5
9 6
3 1
1 3
3 8
5 10
2 5
9 3
3 6
7 10
8 9
3 6
9 10
10 4
2 4
10 6
3 10
3 5
2 10
10 5
10 7
3 4
1 9
10 3
1 3
2 9
2 8
2 9
7 6
5 1
6 9
6 5
9 2
4 2
2 7
5 4
8 2
3 1
8 5
3 2
2 10
1 6
3 3
2 3
4 10
10 8
4 1
10 3
1 6
9 2
9 6
6 1
2 3
1 10
4 5
9 4
1 6
6 6
9 7
2 1
8 9
10 4
4 6
7 7
3 2
8 2
4 1
2 6
5 8
10 9
2 2
6 10
8 7
3 2
7 9
7 2
2 9
7 1
5 2
1 10
8 5
6 8
9 7
9 6
8 10
5 4
9 5
10 3
3 5
6 7
2 8
2 2
6 2
1 5
1 10
5 9
7 7
5 10
4 8
4 4
8 10
6 5
9 1
8 1
5 8
10 8
7 1
5 9
5 4
9 6
5 8
9 9
3 3
4 10
9 4
6 6
9 6
7 10
8 1
7 9
7 5
10 2
4 3
10 3
2 3
2 2
3 7
5 6
1 8
6 4
1 4
1 1
9 1
3 2
6 5
2 9
2 7
4 9
8 9
7 4
2 7
10 2
7 1
7 5
2 9
3 10
5 4
7 9
5 1
9 9
10 10
8 2
10 10
5 2
9 6
4 7
1 5
6 8
8 10
2 10
1 2
10 1
10 6
7 4
3 3
8 6
5 6
9 5
6 6
6 6
4 9
9 2
6 9
6 6
4 5
7 9
3 3
7 8
8 7
5 1
2 9
5 2
5 4
5 10
6 8
9 2
4 2
3 9
10 9
7 2
2 10
7 2
1 7
5 9
7 1
3 9
9 3
4 7
6 3
4 9
1 8
3 3
9 8
2 1
7 4
4 3
4 8
9 5
4 6
7 10
10 8
5 10
9 5
6 1
6 9
10 3
10 2
9 7
3 9
1 10
8 3
6 1
9 5
1 6
1 8
2 3
1 1
7 10
8 1
2 5
8 6
10 7
5 8
9 4
4 8
9 6
9 10
6 3
3 3
9 9
3 9
8 1
5 7
2 9
8 8
4 1
9 9
6 2
7 6
7 1
6 6
8 7
2 4
6 7
7 7
9 5
4 3
4 4
6 1
4 10
2 4
6 6
3 10
4 9
5 10
1 5
1 8
10 7
7 5
3 4
9 3
3 1
3 3
3 1
4 3
9 4
10 3
6 8
10 5
4 2
6 1
9 7
3 5
10 7
2 7
4 10
9 5
8 10
3 8
4 3
8 10
8 3
3 6
5 5
6 10
1 1
3 9
8 7
5 2
10 10
4 6
10 4
6 9
8 9
6 5
2 7
7 8
4 1
1 10
10 1
4 7
5 10
10 8
2 7
8 8
10 5
1 8
5 8
4 9
7 9
2 3
2 4
2 2
10 2
5 3
6 1
10 8
2 1
5 9
1 8
10 10
2 10
4 9
9 3
8 10
8 9
2 4
2 8
7 4
2 6
9 7
4 5
7 4
7 8
5 1
4 10
2 10
2 10
7 7
5 2
9 7
9 8
7 7
5 9
8 9
7 10
7 9
10 8
1 3
1 9
4 9
2 7
2 1
9 7
7 6
5 3
2 1
4 7
6 2
3 6
7 6
4 7
1 2
7 1
5 4
8 8
1 6
10 6
1 10
5 2
6 2
7 5
5 1
4 1
3 7
4 3
10 7
4 1
4 10
3 9
8 2
6 9
6 5
3 8
5 9
7 8
8 1
10 9
10 6
2 6
4 9
3 10
7 10
7 10
6 1
2 4
3 6
2 9
2 2
8 3
6 3
6 7
4 5
4 3
7 5
1 2
4 8
1 10
4 1
5 2
8 10
7 10
3 8
3 4
3 2
7 9
6 8
1 10
6 9
4 3
9 8
9 9
5 1
8 2
3 4
8 6
6 10
7 1
7 6
4 9
3 10
5 10
4 2
10 4
4 2
4 8
3 10
5 9
4 5
1 5
9 3
8 8
8 8
10 6
9 10
1 3
7 8
9 7
4 5
3 2
6 4
8 3
1 2
2 8
5 6
6 3
2 7
1 1
3 5
4 9
10 3
10 10
4 7
8 3
10 2
2 10
5 4
9 7
2 1
1 7
9 10
9 4
3 4
5 2
4 4
1 8
8 6
4 6
7 4
7 9
6 5
1 8
4 8
10 9
8 6
9 6
5 1
1 1
1 5
4 8
10 7
9 6
8 5
8 7
1 10
7 2
4 3
7 9
4 8
1 8
4 1
10 1
6 5
6 3
16 14 85
13 20 87
17 11 89
19 10 64
20 10 86
14 17 98
19 19 62
14 10 58
16 17 73
16 13 69
16 16 81
12 17 90
18 13 79
10 15 74
19 16 65
11 10 50
10 19 67
16 18 75
11 16 59
15 18 58
18 20 63
10 12 85
11 20 76
11 16 77
15 10 94
19 15 97
13 18 100
14 20 99
20 20 51
12 17 74
16 15 74
12 11 82
16 10 76
19 20 52
14 18 55
13 18 68
20 16 75
10 16 77
11 10 50
17 14 60
13 18 76
13 19 50
11 18 53
17 15 61
12 19 86
13 20 79
12 18 70
12 14 80
15 12 83
20 20 70
19 18 61
19 14 97
13 20 72
16 13 51
15 17 70
14 10 57
20 11 51
18 11 91
13 10 66
15 14 86
12 20 98
19 10 77
20 17 68
11 18 50
16 11 99
15 11 70
12 13 90
18 20 63
20 16 81
16 19 65
15 16 63
15 14 86
10 15 70
17 17 68
18 15 86
19 11 57
11 10 60
15 10 51
17 11 89
11 12 79
11 11 52
16 20 74
11 18 99
16 15 98
11 15 76
14 11 72
13 18 58
18 17 73
18 14 60
20 13 59
14 10 68
20 15 100
13 11 89
14 20 51
15 13 80
17 16 73
13 12 80
11 16 70
16 12 93
12 11 65
19 11 84
15 16 92
18 14 63
12 14 92
19 19 68
12 19 89
12 14 76
10 12 96
20 15 60
19 17 54
14 16 57
12 13 68
11 13 90
15 14 90
11 12 90
17 20 54
18 11 90
17 19 52
20 16 88
19 16 98
10 12 56
13 10 85
12 15 52
10 18 96
20 13 85
11 16 73
11 13 96
13 15 55
19 16 69
18 12 68
20 18 91
11 13 79
10 12 75
10 10 82
15 18 96
10 16 64
17 19 87
13 14 73
19 19 70
19 19 60
12 18 66
17 13 61
13 12 69
18 11 80
19 19 88
13 18 53
16 15 65
18 12 84
16 17 77
11 13 60
16 15 50
10 10 67
16 13 85
17 11 86
16 12 94
11 14 94
16 10 84
12 14 54
16 10 86
17 14 69
12 11 70
12 18 69
11 11 59
14 13 62
13 17 85
14 14 79
12 15 97
19 20 59
17 18 69
13 20 82
19 19 92
19 18 68
10 12 60
10 17 66
18 19 59
12 10 99
14 14 88
11 14 77
17 14 58
14 10 77
16 13 77
16 11 98
11 13 54
13 17 53
15 19 80
14 10 69
17 17 97
20 12 50
20 15 96
10 11 83
18 10 63
15 14 77
15 17 65
19 16 73
19 19 70
16 18 79
15 16 76
18 10 87
18 13 81
13 10 54
15 14 70
11 15 52
17 19 76
19 18 77
15 16 72
10 16 81
17 18 94
15 17 90
20 19 56
18 14 54
12 13 52
12 14 51
18 12 62
19 15 62
16 19 88
16 15 85
18 15 71
12 12 86
11 18 64
10 18 58
17 10 68
14 12 91
13 11 67
20 12 59
16 17 86
18 18 77
12 11 55
16 14 100
20 20 94
18 12 60
18 16 94
12 15 72
14 11 57
14 12 94
17 18 79
13 12 95
19 10 59
16 11 86
19 18 75
13 17 60
13 20 97
14 15 95
14 13 61
20 19 74
13 10 87
14 15 71
16 17 69
17 16 79
12 16 57
13 19 67
13 17 84
12 12 84
11 18 53
13 18 73
16 19 79
11 16 84
19 14 97
10 17 94
18 11 73
11 10 99
16 12 52
18 14 82
12 12 60
20 13 80
12 11 74
20 15 84
20 10 83
19 10 68
20 16 94
14 12 80
14 17 81
19 10 63
19 17 86
17 16 77
12 12 54
13 19 70
14 11 70
15 14 93
14 10 52
17 20 77
13 15 81
18 15 53
11 11 57
20 12 100
16 13 80
17 12 52
15 14 86
20 11 65
12 19 56
14 18 95
13 14 68
10 11 92
10 14 51
15 17 72
15 13 54
19 16 65
17 15 78
15 15 82
19 16 95
12 18 99
13 14 81
18 16 55
12 11 80
13 16 100
11 13 99
14 13 59
18 18 97
17 15 76
18 19 97
17 13 73
12 19 76
15 20 81
14 13 57
10 10 71
20 18 60
11 18 66
18 17 50
12 11 59
20 20 61
16 10 54
19 18 83
17 12 80
19 18 99
13 11 65
11 19 56
19 20 86
17 14 88
17 14 62
12 10 96
12 13 61
16 17 89
18 14 51
20 11 72
14 15 85
19 18 60
18 18 99
14 20 82
19 19 51
16 10 51
10 10 82
18 17 71
16 16 64
18 11 90
13 14 76
20 20 77
17 20 94
20 12 63
10 20 98
10 17 66
16 15 89
14 12 80
13 15 56
19 18 56
13 10 87
13 10 91
19 17 98
10 10 87
19 19 98
11 17 100
13 17 57
16 18 77
10 19 54
19 14 53
15 17 92
15 16 90
16 11 59
15 14 75
18 15 57
12 11 77
16 18 71
11 19 90
19 10 71
12 18 98
13 13 94
17 14 76
17 19 80
13 19 76
15 15 65
14 17 71
10 18 94
15 10 84
13 10 67
18 17 81
19 14 80
16 10 87
14 19 52
12 17 66
12 12 86
10 12 66
19 13 66
13 13 89
20 18 84
15 13 88
13 11 94
12 20 65
14 13 74
14 15 84
15 12 67
10 13 73
20 13 86
15 17 92
13 18 61
15 12 61
16 16 66
10 19 61
19 20 67
17 16 70
18 19 51
19 10 95
19 16 51
16 15 79
19 16 90
18 17 100
11 20 80
19 10 74
15 17 67
12 10 59
18 12 96
18 16 70
14 17 84
13 15 67
15 18 69
16 17 70
11 20 99
16 13 82
15 19 72
10 11 54
15 19 66
20 11 85
19 18 64
11 19 74
17 17 75
11 17 50
12 20 72
15 15 62
18 13 53
19 13 62
10 20 92
19 15 72
18 17 98
13 17 87
12 16 53
15 10 94
16 10 99
11 12 64
19 17 54
18 17 91
16 15 66
12 12 73
14 14 69
13 17 67
18 15 50
20 17 65
14 12 70
20 19 53
17 16 56
10 17 60
18 11 88
13 13 84
10 17 83
16 10 56
10 12 62
11 12 95
10 13 52
15 17 99
16 15 99
18 20 57
18 15 83
20 20 91
16 18 72
14 16 84
15 18 77
11 13 99
19 18 62
11 18 90
20 13 88
11 20 50
13 13 79
18 16 71
20 15 82
15 12 98
15 13 82
12 11 66
13 20 64
13 14 67
13 10 70
11 12 51
17 13 59
12 11 92
12 10 66
20 13 74
14 16 67
10 15 63
19 12 71
10 19 51
10 14 86
13 14 63
17 15 61
15 13 87
14 13 72
15 13 93
18 20 94
10 14 71
16 13 70
20 11 60
13 20 87
18 18 76
19 17 94
11 14 92
11 11 100
11 14 90
10 13 66
11 15 78
19 18 66
17 20 99
19 12 58
16 17 56
11 20 89
14 15 67
19 20 84
16 16 61
14 20 93
15 15 82
16 17 50
16 10 71
13 17 61
19 10 60
17 14 67
19 13 62
20 13 68
18 18 71
18 15 84
16 20 83
11 11 79
16 20 74
11 16 66
20 11 91
11 12 77
15 16 75
14 18 80
16 17 64
19 17 88
19 17 94
16 14 80
17 18 82
15 16 56
16 20 82
12 19 86
14 10 83
14 13 57
16 17 72
20 20 90
13 13 73
16 18 84
19 14 70
19 20 82
14 14 73
18 16 74
17 13 79
10 12 91
13 11 92
16 20 58
13 19 78
19 18 50
11 10 81
20 17 85
18 11 64
18 20 96
10 14 53
15 11 76
19 17 64
12 16 68
16 17 65
17 13 59
17 19 88
20 14 95
16 19 57
20 13 61
15 19 99
18 19 75
19 15 86
20 19 50
20 18 69
10 18 52
15 18 57
17 11 70
15 16 50
18 14 59
20 18 78
10 16 65
16 10 80
12 14 52
15 20 100
10 13 75
20 16 88
17 20 63
18 20 67
11 16 98
16 17 100
18 16 80
13 20 96
10 14 70
17 20 61
19 14 97
17 15 65
11 17 77
10 20 88
10 19 68
10 17 89
19 12 82
10 18 95
19 13 54
12 12 54
16 15 81
14 19 64
15 15 99
15 12 58
11 12 61
11 11 52
15 19 89
11 18 67
20 15 94
16 17 69
12 12 68
17 14 98
12 18 78
15 20 75
14 12 70
13 15 52
13 20 97
19 20 52
19 12 99
10 11 89
17 17 58
19 14 96
11 10 87
15 15 64
19 12 54
13 13 92
12 14 95
18 16 83
13 11 54
10 17 80
14 12 68
13 14 81
13 17 69
12 18 70
12 14 88
12 15 63
12 18 64
11 13 70
11 11 62
12 19 86
13 14 66
14 11 92
20 13 97
12 18 67
13 10 97
20 20 62
12 13 77
16 20 71
18 14 86
18 13 80
14 15 78
15 12 86
16 14 56
12 19 74
12 14 90
19 13 88
16 12 92
18 17 80
11 12 59
20 16 53
20 10 62
20 18 62
11 15 52
20 16 92
15 18 79
19 13 84
11 16 63
16 18 65
17 19 99
16 18 100
18 10 89
10 14 64
20 14 99
19 15 79
19 17 95
20 12 73
13 16 85
20 19 75
11 12 89
20 12 84
14 18 96
18 20 73
10 13 63
17 10 90
18 15 80
13 12 55
11 19 79
