750 750
8 1
2 3
6 4
5 8
9 5
2 9
1 1
5 2
4 1
9 2
5 10
8 8
6 9
4 8
3 6
7 5
1 4
8 3
9 10
4 6
2 2
1 5
8 1
9 4
5 6
5 3
8 1
9 7
8 3
8 2
3 10
9 2
7 3
7 5
1 2
7 6
1 8
5 9
3 1
5 9
9 6
5 9
5 1
8 6
5 9
8 8
8 1
8 7
4 2
5 3
7 4
5 7
2 9
10 2
4 1
5 7
4 6
10 2
4 4
4 10
7 10
9 2
7 1
7 6
5 2
9 6
10 7
7 8
10 3
1 8
10 3
3 7
8 4
10 4
8 3
10 2
10 8
5 10
10 8
7 4
3 2
8 9
4 4
9 2
4 2
7 7
3 5
1 1
2 1
1 9
8 9
1 2
3 3
2 3
8 3
1 4
6 4
4 4
7 9
5 8
10 1
8 7
5 1
5 3
10 4
10 6
3 9
8 3
6 1
1 8
2 10
2 10
3 5
1 4
7 8
10 5
2 1
10 4
5 2
3 4
10 3
7 10
10 7
8 2
3 8
3 8
3 7
5 4
9 3
3 1
8 8
4 8
10 9
8 2
1 1
1 7
5 5
4 10
4 3
6 8
5 4
7 6
5 1
10 5
9 8
6 2
2 3
5 1
4 5
6 9
2 6
10 5
10 5
10 7
2 5
8 2
3 2
3 4
3 9
10 9
2 9
4 10
9 3
1 1
9 5
10 8
2 10
9 9
1 7
6 2
7 10
5 9
8 10
8 2
2 9
5 4
1 4
2 10
8 9
1 3
2 8
8 1
9 8
6 10
8 5
5 4
6 4
5 7
3 9
4 8
2 7
2 7
4 6
9 7
1 9
4 8
2 3
4 8
2 6
5 7
6 2
3 10
7 10
2 6
6 9
10 10
10 1
8 10
5 3
10 5
7 7
3 7
8 3
8 9
4 2
3 8
7 2
10 7
8 2
9 5
8 4
9 10
10 2
6 9
3 1
5 6
2 8
4 7
5 8
8 8
10 3
9 6
8 1
8 9
9 6
7 8
1 5
3 7
7 4
2 2
5 6
6 6
1 6
6 8
4 5
10 2
9 10
3 9
10 3
1 7
7 8
5 5
5 10
8 1
6 8
10 5
2 10
9 8
10 1
6 4
1 2
9 1
2 5
10 6
4 9
8 2
5 2
4 8
8 7
1 4
10 7
1 8
7 1
7 2
3 2
9 1
8 9
5 4
9 3
1 3
7 1
1 3
4 2
8 6
5 7
9 8
10 2
6 7
8 1
10 4
4 3
10 10
1 5
10 6
3 3
10 3
5 2
9 10
1 6
6 10
3 3
7 9
3 4
4 5
6 7
2 2
4 9
10 10
9 10
2 8
4 10
5 9
5 10
9 8
1 1
2 2
6 10
8 4
1 10
4 9
1 3
3 10
3 10
8 9
4 5
7 1
7 1
2 10
7 4
4 6
9 6
5 6
3 3
5 7
9 2
10 3
10 7
8 2
4 7
10 1
9 3
10 1
3 4
2 5
9 1
1 10
7 9
4 7
7 3
10 6
8 9
7 1
3 6
6 6
5 5
2 2
6 7
7 3
9 1
8 8
5 8
4 1
7 1
1 6
4 6
4 6
3 7
7 10
9 4
4 4
6 2
8 3
2 9
1 10
2 9
10 4
4 9
4 9
2 10
7 1
3 8
10 7
10 4
9 2
8 3
3 7
10 3
8 6
5 6
5 10
5 10
9 3
9 6
6 1
8 2
9 3
6 3
9 7
7 10
2 3
9 1
5 10
6 5
7 9
8 4
10 9
3 5
7 9
6 1
7 10
10 5
2 6
2 5
1 2
7 7
6 4
5 9
6 2
1 4
3 8
10 5
3 5
7 2
1 1
6 7
8 9
10 8
5 7
1 7
6 6
4 1
3 4
7 7
8 8
4 6
2 4
8 6
2 6
2 2
10 6
8 9
5 8
8 2
3 6
3 10
1 6
6 10
8 4
9 9
8 4
2 6
6 9
6 8
1 3
2 5
2 5
6 7
9 7
9 2
5 2
1 1
3 3
5 6
3 10
10 10
1 9
5 8
2 6
3 6
10 2
7 3
3 8
2 4
10 6
10 10
10 4
1 2
2 9
10 10
3 7
7 10
4 9
8 7
2 4
2 9
2 10
7 8
9 8
7 3
4 1
4 9
3 6
6 3
2 1
8 6
1 8
10 9
1 2
7 9
5 1
4 8
2 2
8 2
4 10
6 8
4 6
4 6
7 6
2 1
2 4
10 4
6 3
5 7
2 6
9 3
3 7
8 4
5 8
9 6
10 3
3 10
6 6
8 8
3 9
9 5
2 6
5 9
5 4
8 5
1 9
8 9
6 1
10 9
1 6
6 3
8 9
7 6
4 10
1 6
9 2
7 10
6 6
8 9
7 6
6 7
10 8
5 3
5 10
1 6
8 1
1 6
4 9
3 1
9 4
1 3
6 8
7 3
1 1
2 3
1 8
6 4
6 1
8 10
3 1
7 5
8 10
9 1
10 8
2 3
6 8
7 7
2 5
4 3
1 7
1 9
7 8
4 7
1 5
7 4
9 9
6 6
4 4
7 4
8 6
7 3
2 4
2 9
3 4
5 2
8 1
5 8
3 1
5 4
7 3
6 4
8 9
2 3
6 7
1 8
9 1
5 10
4 3
5 5
4 10
8 1
9 9
3 2
7 1
5 6
1 6
2 5
3 6
3 3
3 7
3 3
9 2
8 5
3 7
1 6
7 9
1 5
9 8
6 7
6 4
9 4
8 4
4 1
3 2
2 6
6 5
8 6
8 10
8 5
3 1
9 5
6 5
7 6
6 7
10 5
6 2
4 6
6 6
9 6
6 4
1 8
1 6
2 7
7 4
3 2
5 7
1 7
7 7
1 1
3 4
6 6
5 8
3 2
1 5
4 8
6 10
4 8
7 10
3 2
6 10
9 5
1 4
7 5
9 8
2 3
3 1
9 3
2 5
9 9
5 5
10 7
2 5
8 2
10 7
5 9
6 6
7 4
2 7
4 8
3 3
4 10
8 4
9 5
3 9
10 6
6 1
5 6
8 9
9 1
4 9
6 3
2 4
3 7
6 2
8 5
6 3
4 10
4 3
5 2
8 1
10 1
2 10
2 5
2 8
3 9
5 3
7 3
1 6
9 8
3 3
6 7
1 8
2 2
6 2
4 7
8 6
1 2
5 8
9 3
9 8
2 9
6 2
8 2
10 6
7 2
2 5
5 4
8 3
6 9
10 9
8 1
4 3
2 8
8 2
9 8
9 10
8 1
2 1
8 3
8 2
1 3
7 9
3 1
4 10
3 3
1 8
12 12 88
15 15 86
14 14 85
16 19 82
18 13 94
14 14 94
17 18 89
19 12 98
17 12 64
11 20 53
11 19 65
18 17 82
14 12 76
20 11 93
17 12 92
20 11 83
16 14 67
15 12 89
16 15 70
17 10 70
16 15 80
15 14 66
11 15 78
14 13 88
11 13 51
16 15 82
20 17 86
19 16 92
19 17 77
11 16 50
15 13 54
15 15 75
17 13 82
12 17 54
15 12 85
11 14 94
14 18 77
17 16 50
14 19 75
20 13 80
17 16 90
17 16 65
13 19 54
16 19 68
14 16 81
13 13 90
17 17 64
16 11 50
12 19 50
19 11 55
10 19 51
13 18 58
15 11 60
11 11 83
18 10 88
12 19 70
14 14 81
19 14 70
14 10 71
18 20 99
18 12 78
20 12 74
13 10 95
14 16 50
16 12 90
10 13 59
11 12 97
10 14 99
10 13 65
14 17 55
14 18 100
17 17 81
11 13 85
13 10 82
10 15 92
15 13 77
15 14 94
20 11 85
15 13 99
15 15 77
18 14 77
17 20 55
12 13 98
17 18 59
20 11 67
11 16 52
15 19 60
18 11 55
18 13 61
18 14 99
18 14 69
18 11 53
16 12 50
17 12 99
20 12 98
15 14 55
19 18 80
20 14 64
13 12 72
12 17 97
14 16 90
20 20 65
13 12 65
15 19 70
17 11 50
10 14 92
15 18 82
18 19 62
11 12 97
15 18 76
15 17 79
18 11 56
15 15 60
12 20 55
14 16 80
20 19 94
11 20 83
15 11 97
16 13 85
19 19 67
17 10 63
19 12 57
15 16 51
15 15 61
19 14 96
11 12 94
18 20 93
19 13 65
18 11 73
19 20 80
17 13 81
14 13 95
13 18 73
19 20 59
13 15 79
19 16 84
12 10 54
15 20 54
12 18 83
16 17 83
16 15 74
14 11 79
16 17 94
13 14 75
12 18 73
11 14 50
12 18 54
17 13 60
18 15 100
14 13 87
13 13 62
10 14 97
11 14 63
11 11 78
10 10 81
20 20 85
18 11 86
15 17 68
20 11 51
16 12 68
19 17 79
13 12 54
17 13 68
11 20 98
17 13 57
18 18 75
15 12 50
17 15 69
13 16 63
18 18 92
18 15 50
11 11 93
16 11 57
10 11 80
17 15 86
19 14 70
19 20 77
16 20 50
13 14 79
10 19 57
19 14 50
10 14 50
10 11 58
15 11 67
12 18 87
19 20 68
17 14 66
14 13 97
11 10 95
13 12 95
15 18 95
17 17 78
20 13 50
18 12 74
20 18 66
19 16 86
13 16 53
10 14 50
13 16 76
15 13 54
15 18 94
10 17 55
16 17 64
17 16 94
16 15 81
10 15 61
16 20 98
13 18 64
19 11 78
14 18 81
10 20 96
11 14 94
15 20 67
18 17 88
15 18 80
15 15 76
13 13 50
10 12 90
16 13 60
16 10 94
15 12 73
18 10 75
10 17 75
11 11 85
18 10 85
17 11 92
16 16 85
17 15 71
16 18 91
20 11 78
11 20 59
15 20 88
15 11 60
18 18 71
14 17 60
15 12 68
10 14 62
11 16 88
14 14 67
10 16 71
18 14 59
16 20 91
17 12 78
11 17 64
19 11 70
11 15 68
19 18 100
16 10 82
10 13 70
13 19 53
11 15 70
10 11 95
15 13 52
10 14 76
20 16 80
10 14 89
13 10 53
14 12 74
18 13 86
15 20 92
18 20 84
15 17 65
13 20 78
13 14 75
18 17 62
11 18 53
16 14 53
10 15 71
12 10 71
10 20 76
13 19 89
10 13 87
12 18 60
11 16 97
14 17 78
10 18 85
11 18 70
14 12 63
14 19 50
10 17 57
13 16 88
10 10 73
13 14 95
11 15 99
12 18 100
11 18 57
11 13 78
15 17 84
15 18 88
17 15 88
15 19 56
14 16 82
14 10 88
13 15 68
19 12 97
11 10 68
16 17 70
13 20 91
13 14 60
20 13 68
16 13 64
15 10 98
18 11 67
17 13 87
20 13 50
19 18 54
17 12 61
15 16 84
15 11 67
15 10 64
11 16 89
10 20 83
10 11 60
16 10 79
18 15 83
16 12 55
17 17 67
17 20 85
14 18 68
18 19 64
18 13 67
17 11 77
16 20 70
15 14 50
10 19 60
18 14 60
14 16 59
12 14 81
17 20 55
16 15 100
17 20 50
13 18 72
18 15 66
17 14 51
18 20 96
16 15 59
19 11 58
12 15 61
19 16 56
13 16 86
13 17 68
20 14 64
18 14 58
20 15 56
12 19 78
13 18 57
19 15 88
18 20 81
16 11 89
12 19 85
15 13 77
13 14 82
15 13 84
19 11 74
11 16 77
14 17 85
10 16 80
15 13 61
13 19 80
14 12 87
13 18 57
13 10 97
11 10 62
17 17 56
18 12 91
14 19 81
10 18 84
15 10 74
18 20 64
12 16 73
17 10 91
11 19 61
12 19 80
13 14 55
10 19 85
16 14 61
14 16 58
10 15 57
19 19 89
20 16 77
15 16 99
12 11 95
11 11 78
13 18 60
13 11 54
15 20 55
13 10 86
14 10 91
16 15 51
16 11 79
12 15 56
12 14 59
18 20 92
16 14 85
15 16 100
18 17 76
20 13 96
17 20 50
11 16 73
15 12 75
12 12 60
10 16 71
15 16 79
16 12 75
20 20 61
17 15 91
13 20 80
13 17 57
18 18 73
14 18 73
16 13 52
12 15 76
12 14 83
10 13 66
14 12 87
18 19 68
12 18 94
14 18 77
20 14 83
18 18 72
12 20 87
17 20 77
14 12 71
17 16 80
19 18 88
20 20 72
10 17 54
17 19 91
15 14 68
12 11 100
18 10 61
19 18 77
16 18 81
12 18 82
17 20 62
20 11 54
11 18 62
12 14 98
19 11 91
16 13 85
15 11 91
17 10 84
14 20 88
17 13 73
19 20 53
19 17 76
11 15 84
12 13 71
19 12 72
10 16 55
10 14 59
12 15 85
20 11 91
16 10 65
10 15 82
19 19 80
19 18 84
16 10 92
11 20 87
11 14 55
15 10 52
18 12 61
19 15 72
20 20 79
14 13 67
19 14 53
12 12 75
17 20 66
10 19 58
14 19 85
19 20 52
18 11 74
18 17 54
14 20 75
12 15 91
15 19 84
10 10 93
16 16 50
12 20 100
13 19 74
12 10 73
15 17 92
13 18 92
14 12 83
13 16 54
16 10 95
13 13 71
11 10 95
17 14 80
15 18 69
13 10 76
10 11 69
13 13 81
12 18 66
20 13 59
16 14 93
12 20 95
16 16 86
10 10 98
17 15 79
14 11 82
18 13 84
13 12 55
15 19 68
14 16 96
12 18 88
13 11 75
13 14 79
19 19 70
10 13 69
20 10 64
19 10 56
11 17 76
12 17 55
15 12 54
15 16 65
18 15 91
14 19 89
19 16 55
11 11 58
18 20 62
12 13 63
10 20 61
12 14 98
19 18 56
10 13 76
18 14 53
13 16 74
10 16 72
16 11 51
14 19 86
20 17 73
16 15 74
20 19 100
17 10 69
19 14 59
14 18 52
16 18 60
10 18 84
13 16 56
16 19 64
10 12 97
18 12 53
13 12 90
14 11 76
17 18 66
19 14 61
11 10 68
18 14 73
17 14 88
14 11 71
10 17 96
17 17 87
20 17 78
13 12 69
11 18 69
18 18 85
19 18 79
14 19 71
15 15 64
14 12 81
18 16 93
13 17 68
17 10 69
12 12 77
15 16 94
15 15 61
15 14 64
12 20 78
12 14 86
20 19 71
20 18 81
11 17 67
18 20 64
13 14 77
11 17 72
14 18 99
20 17 96
19 13 96
10 10 70
16 13 69
16 14 86
16 12 99
11 15 51
17 11 94
18 10 63
16 13 60
12 20 90
15 12 86
16 11 83
15 11 68
11 10 58
20 11 89
15 13 87
11 13 91
10 14 53
11 12 64
11 16 77
17 15 74
18 10 56
19 18 99
15 17 78
18 14 98
19 14 85
19 19 61
16 10 56
15 17 75
20 15 89
20 20 93
20 16 91
10 18 79
10 11 89
14 15 73
10 18 92
15 16 66
14 13 66
14 15 68
13 19 88
12 20 59
12 14 83
19 20 74
12 16 69
16 10 51
13 17 88
11 10 60
11 17 91
19 16 79
15 11 81
10 18 90
16 15 65
14 10 90
19 18 70
11 12 81
12 13 86
15 15 76
11 17 83
11 11 59
18 18 80
15 15 53
19 16 69
17 20 54
16 16 77
17 20 96
18 17 61
15 10 60
11 20 65
13 11 78
13 15 99
20 17 69
20 20 75
18 13 67
15 11 98
10 13 51
14 13 84
18 17 91
13 20 73
12 15 87
13 15 55
19 17 68
18 20 95
13 11 98
13 13 68
20 15 88
13 14 52
12 20 92
17 19 97
19 10 71
13 18 93
16 16 60
19 17 67
15 19 55
19 18 62
14 14 74
13 11 91
15 12 69
11 15 99
11 17 83
19 13 51
15 20 100
16 16 58
16 12 78
11 15 74
16 15 53
15 20 70
16 14 93
20 11 91
12 16 70
10 14 56
14 14 57
14 18 91
15 18 93
19 13 80
16 20 74
10 20 89
10 14 60
15 20 64
16 11 64
11 13 94
18 12 51
19 11 58
13 19 91
19 18 84
10 20 75
20 10 100
15 20 50
16 13 51
13 19 95
17 11 96
14 14 55
14 17 98
18 19 63
14 13 53
16 13 66
18 10 53
16 10 96
10 19 64
15 15 85
14 15 71
14 10 61
18 12 88
14 17 61
10 11 93
17 11 50
16 20 64
19 15 50
16 19 75
16 16 58
11 12 93
16 10 96
20 20 57
19 12 67
14 14 60
18 12 87
14 11 86
11 13 65
13 17 75
14 14 100
12 10 99
15 19 99
14 13 81
11 19 73
15 20 80
16 14 73
19 12 86
12 15 99
18 13 73
20 13 82
12 14 80
11 11 82
14 12 78
