800 276
3 4
5 1
4 2
4 3
3 5
4 4
4 2
5 5
2 1
1 1
1 2
4 3
1 2
2 1
1 1
1 4
1 5
1 1
3 4
1 5
4 1
3 2
4 2
1 4
1 3
4 4
5 4
4 2
3 2
2 1
1 4
1 2
4 3
5 1
4 4
5 1
4 1
4 4
2 3
3 5
4 5
4 3
3 2
4 3
3 4
1 4
5 1
4 2
1 1
2 5
4 5
1 1
4 5
4 1
3 3
2 2
1 2
4 5
2 1
4 2
2 1
4 2
1 1
4 1
5 5
2 3
3 4
4 2
3 2
5 4
2 2
3 3
3 5
4 3
2 4
3 5
2 4
3 4
2 3
4 5
5 4
2 2
3 1
4 4
1 4
3 5
5 3
1 4
3 1
3 1
3 2
5 4
5 2
3 5
4 2
3 3
1 3
1 1
3 1
3 3
2 2
1 5
4 2
1 2
3 2
2 3
3 5
4 5
1 4
3 2
4 3
1 2
3 1
4 5
2 4
4 5
4 3
3 3
2 4
3 4
3 2
1 2
2 2
5 4
4 5
4 5
5 1
5 4
1 1
3 3
4 1
2 1
2 1
5 1
5 1
1 1
2 5
1 2
5 3
3 3
2 1
5 5
5 2
5 1
3 3
4 2
1 3
3 4
5 5
5 4
2 3
5 2
4 1
2 1
1 3
4 2
5 4
1 2
2 4
1 4
4 5
4 3
3 4
4 1
1 2
3 1
2 1
1 3
1 4
4 5
5 2
4 3
2 3
4 3
5 1
3 3
1 5
3 2
4 3
1 5
4 1
3 2
5 3
3 3
1 1
5 5
4 4
3 4
4 1
1 3
2 2
5 5
3 5
1 3
5 3
2 4
2 3
2 5
1 1
5 3
4 3
5 1
3 2
1 1
5 3
1 2
3 2
5 4
4 5
1 2
1 4
3 3
1 1
3 1
2 1
1 1
4 5
3 5
1 2
5 4
3 3
4 2
3 1
4 1
3 5
5 3
4 3
2 1
4 4
4 2
1 1
1 4
5 2
2 5
1 3
4 2
3 2
4 2
3 4
5 1
5 3
2 4
3 2
5 4
3 2
5 2
3 5
4 4
1 5
4 1
5 2
5 1
1 3
5 3
5 1
3 2
1 3
2 2
4 5
3 4
3 5
1 5
5 3
5 2
3 5
3 5
3 1
2 1
2 1
4 1
5 3
4 5
3 3
3 4
4 1
2 2
4 1
1 5
4 2
3 1
4 2
5 3
1 2
2 3
3 1
3 5
3 4
1 1
2 3
5 5
3 4
1 3
5 4
3 3
5 5
2 4
4 3
4 2
4 2
2 1
5 4
2 2
1 5
1 2
2 3
5 4
4 2
4 2
5 4
5 5
4 2
4 2
4 1
4 2
3 2
2 4
1 4
4 4
3 5
5 4
3 4
5 5
3 4
2 1
4 2
2 1
2 4
3 5
2 5
4 3
4 1
2 3
5 5
3 5
5 1
3 5
3 3
3 3
3 4
5 2
5 3
3 4
3 5
2 2
2 1
5 5
2 1
2 3
5 2
4 5
1 4
2 1
1 5
3 2
5 3
3 4
1 4
4 1
3 2
4 3
1 1
1 4
5 4
5 1
3 5
5 4
5 5
2 4
2 5
2 2
2 1
5 4
3 4
1 4
5 1
1 3
2 5
1 2
3 4
3 1
3 3
4 1
3 3
5 5
5 1
5 2
2 1
1 4
3 4
3 1
2 2
4 2
4 5
1 5
5 2
2 4
2 2
2 2
4 2
4 3
1 2
1 3
4 3
3 3
2 4
3 3
3 5
4 4
4 1
1 3
1 5
3 2
4 5
2 2
5 1
4 5
5 1
3 4
4 5
5 4
5 3
4 4
4 1
4 3
1 3
3 1
2 3
2 3
5 2
5 1
4 3
1 3
5 2
4 2
3 4
5 1
1 5
5 5
1 5
1 4
1 4
1 1
5 2
4 1
2 1
5 2
1 4
1 5
2 3
3 4
2 4
5 1
5 3
1 5
3 4
1 5
2 1
2 5
2 4
2 5
3 2
1 5
1 4
2 3
4 2
4 3
2 5
2 4
2 3
2 4
2 1
5 1
1 5
2 2
3 4
1 1
5 1
2 4
2 4
4 4
3 3
2 2
5 2
5 3
1 3
4 2
1 1
3 5
4 4
3 4
2 3
4 5
1 5
2 1
1 4
1 4
5 5
3 2
2 2
5 2
4 2
5 4
1 2
3 1
5 3
1 3
4 2
2 2
3 2
1 2
2 2
3 3
5 5
2 1
2 1
2 2
2 1
5 1
4 2
5 2
4 3
2 1
1 3
5 4
3 1
1 2
4 5
1 4
2 4
2 3
5 3
2 1
4 1
1 3
2 3
2 1
2 2
1 1
2 3
5 5
4 4
5 1
3 1
4 4
3 2
5 1
1 5
2 3
2 1
5 5
1 2
4 4
5 1
3 5
1 2
2 5
4 5
5 4
1 3
5 3
5 2
5 5
1 3
3 2
4 4
1 5
3 3
5 1
2 2
3 1
5 3
2 5
3 4
1 2
4 5
4 4
2 2
4 4
5 4
3 5
5 5
5 3
1 4
5 4
2 2
2 4
1 2
3 2
3 2
2 5
5 2
5 4
4 4
5 3
5 1
5 3
5 5
1 5
1 1
3 5
4 2
5 1
1 2
1 2
4 4
3 5
4 2
4 3
1 2
4 1
5 4
1 2
2 5
2 1
3 4
4 2
5 2
3 3
4 4
1 5
2 3
5 5
1 1
5 3
2 2
2 3
2 4
1 3
2 5
4 4
4 3
5 4
1 1
3 1
4 1
5 3
4 2
3 3
5 1
2 4
5 3
2 1
3 5
1 3
4 4
4 2
4 3
1 1
1 5
1 3
2 4
2 4
1 1
2 3
1 2
3 2
4 4
5 4
1 4
5 5
1 5
5 3
3 1
2 5
2 4
2 3
3 3
1 3
3 2
1 1
5 3
1 4
2 5
5 1
4 2
4 3
3 5
2 1
3 3
5 1
3 1
4 2
2 3
5 3
1 5
2 5
3 5
2 2
3 4
1 2
2 3
4 3
2 5
2 4
1 2
3 2
2 5
4 2
4 5
1 3
2 1
1 3
2 1
3 2
5 2
1 5
5 2
5 3
1 5
3 1
5 4
2 4
1 2
5 5
3 4
4 3
3 2
4 5
2 3
3 1
1 1
3 1
3 3
5 3
5 4
4 4
3 1
2 4
5 4
2 1
1 5
3 4
5 3
4 2
4 5
5 3
3 1
1 2
3 2
1 1
1 2
2 3
4 2
2 5
2 2
4 1
1 3
1 2
1 4
5 1
1 1
4 4
4 2
2 3
1 5
1 4
1 2
5 3
5 2
3 2
3 3
2 5
2 5
1 3
3 2
3 2
2 4
1 3
1 4
5 3
4 3
1 4
4 1
4 5
2 5
2 3
5 5
3 2
5 4
1 5
1 4
4 3
1 4
1 2
3 1
2 2
2 4
1 5
2 1
3 4
3 1
3 5
5 5
2 1
3 4
1 4
2 3
2 1
2 5
4 3
9 6 600
11 2 250
6 6 800
4 4 200
4 13 850
2 4 650
6 7 800
7 13 550
3 6 700
5 7 250
2 5 850
8 5 200
7 8 250
8 8 750
6 9 350
3 4 300
5 4 650
4 3 550
4 5 800
14 4 300
10 11 400
7 14 800
8 10 1000
7 9 150
15 8 850
10 9 450
5 5 600
5 4 250
5 4 1000
6 10 650
3 8 300
4 7 400
11 7 350
6 9 450
9 5 100
5 14 350
8 9 450
7 1 650
8 5 650
9 11 800
9 7 650
7 3 350
13 10 1000
4 9 500
13 6 650
12 14 400
14 10 200
5 9 850
8 10 700
11 5 300
6 8 1000
5 7 100
3 7 700
4 8 300
6 6 800
2 4 600
12 16 500
13 6 800
4 2 600
7 4 500
2 6 850
8 4 850
3 3 700
6 9 200
5 6 850
8 8 700
5 10 600
12 16 950
11 10 650
11 10 750
6 3 700
7 3 350
7 9 900
6 13 450
10 6 800
14 14 100
11 8 250
9 3 650
4 4 350
10 11 550
4 7 300
7 7 300
10 6 1000
9 8 850
4 8 150
9 3 800
2 9 200
10 16 350
8 9 100
2 5 750
9 15 800
9 8 900
5 4 650
10 9 300
4 5 150
5 4 500
4 4 650
8 4 550
10 13 400
8 12 150
13 9 800
6 6 700
6 7 150
6 7 900
8 4 550
4 4 550
4 9 800
10 8 700
10 8 250
2 3 200
7 3 450
12 4 600
8 5 200
6 9 200
5 5 1000
8 9 250
3 9 400
7 10 550
14 19 550
4 3 550
7 15 400
4 10 450
10 7 650
5 3 850
2 6 350
6 7 350
10 11 300
10 6 550
8 10 850
4 6 950
9 12 950
3 6 800
8 8 400
6 6 450
2 4 850
10 12 750
12 9 100
11 9 200
10 9 450
6 7 350
8 6 100
6 8 150
2 8 900
6 5 150
6 9 900
5 5 100
6 8 100
15 9 300
8 8 250
4 3 250
8 9 300
7 6 100
9 10 700
11 9 350
9 9 550
9 5 1000
4 4 600
5 9 200
9 4 600
11 10 850
8 8 800
9 9 700
5 6 550
8 17 150
12 8 150
6 5 950
6 7 850
8 12 900
3 6 200
13 13 400
9 7 450
7 14 550
10 5 200
9 6 100
5 6 950
7 11 200
9 10 900
12 7 250
5 7 300
8 11 350
9 10 100
6 13 250
6 4 1000
6 9 600
12 11 700
8 4 400
8 5 250
10 9 450
9 6 350
5 5 650
9 9 350
9 4 800
6 6 250
5 6 750
8 11 550
6 7 500
7 7 600
9 10 500
5 7 550
5 5 600
6 5 1000
5 7 350
6 5 150
5 7 300
7 5 500
9 4 850
8 3 850
3 6 650
5 5 650
10 9 650
10 7 800
8 13 500
13 10 150
11 7 250
5 6 450
13 4 400
9 9 850
7 9 500
10 11 300
4 7 850
2 3 800
13 15 550
7 5 450
5 4 600
10 6 600
4 5 250
10 12 100
15 7 800
9 8 100
1 4 650
12 15 200
14 20 400
5 2 800
3 14 800
7 19 650
19 25 550
10 6 950
18 15 150
19 17 150
10 18 200
10 18 200
9 14 550
11 12 900
14 24 1000
5 20 250
17 2 900
14 10 850
17 11 100
6 2 500
19 5 200
13 11 350
17 7 600
18 1 600
13 16 400
11 25 1000
12 11 200
4 19 100
14 17 850
17 3 400
23 15 250
24 2 550
25 11 450
18 16 100
1 6 1000
16 7 350
14 12 850
3 13 750
16 12 500
1 7 900
22 10 450
19 25 450
7 8 550
13 1 400
13 5 350
17 17 550
9 1 950
