850 294
1 4
4 5
5 4
5 5
3 3
5 4
1 3
1 4
4 2
1 4
3 3
4 4
4 4
3 3
5 5
1 1
2 4
5 1
1 4
4 1
3 2
2 5
5 2
1 5
2 5
5 2
4 3
2 4
3 1
3 5
1 4
2 3
3 1
3 5
3 3
4 1
3 2
4 3
3 5
2 4
4 3
1 4
4 4
3 1
1 3
5 2
1 3
1 2
1 4
1 5
1 1
1 1
5 2
3 4
3 4
2 1
3 5
5 1
3 5
4 5
2 2
3 2
3 5
1 4
1 3
2 2
2 4
2 1
4 5
5 2
4 5
2 3
5 2
1 5
3 5
5 1
4 3
3 1
5 2
5 3
2 4
1 2
3 4
4 4
4 1
2 3
3 2
5 1
2 2
5 4
1 5
3 1
5 5
4 1
4 4
5 5
1 2
1 5
3 1
5 5
3 3
3 4
1 2
3 1
2 1
1 1
4 3
4 4
4 4
4 2
4 1
3 3
2 4
4 5
5 1
2 3
3 5
5 2
5 2
5 3
4 3
2 5
5 4
2 1
2 1
5 2
3 5
5 3
4 5
2 4
1 1
3 5
3 2
1 3
5 1
1 1
3 3
4 2
4 4
3 5
4 1
5 2
2 1
4 1
4 4
5 1
1 4
3 3
4 2
4 1
5 5
3 1
2 2
2 1
2 4
4 5
4 4
2 2
2 4
1 4
5 5
2 2
2 3
4 3
5 1
1 2
4 3
4 5
1 1
1 1
3 1
3 2
4 4
2 5
5 2
4 5
1 5
4 1
3 4
4 3
1 3
1 3
2 2
2 4
1 3
4 4
1 5
4 1
3 4
2 5
4 1
3 3
3 4
2 1
2 2
3 3
5 3
5 5
1 5
2 1
2 4
5 3
1 2
1 4
1 2
3 2
4 3
2 1
4 4
4 3
1 1
4 2
5 2
5 5
2 2
5 4
4 1
2 4
5 3
2 4
4 1
3 2
4 5
1 2
5 5
1 4
5 2
5 1
2 4
4 1
1 1
1 4
5 2
5 1
1 5
5 3
5 5
2 4
1 2
2 3
2 3
3 2
1 3
1 5
4 3
5 2
4 2
2 5
1 4
4 4
1 5
1 5
4 1
2 4
4 1
1 5
4 2
1 4
5 4
5 5
1 4
2 2
2 3
1 3
2 1
3 3
2 1
5 4
3 4
3 3
2 4
5 2
1 2
4 5
4 4
3 4
3 2
3 4
3 4
2 2
1 5
3 2
5 5
1 3
5 1
4 2
5 3
5 2
4 4
3 3
1 3
4 2
5 1
4 3
2 2
5 2
1 2
3 5
1 2
2 5
1 3
5 2
5 4
4 3
2 2
1 3
4 1
4 3
1 4
4 2
5 4
3 4
5 1
1 3
3 2
1 2
4 1
4 5
5 3
3 1
5 3
2 5
5 2
4 5
1 4
4 4
4 5
3 3
5 5
5 2
1 5
2 1
2 2
1 5
5 4
1 5
4 2
1 4
4 3
2 2
3 4
1 2
2 5
1 1
4 4
2 2
2 2
1 3
3 2
3 2
2 1
4 2
2 3
4 2
5 3
1 2
3 2
2 2
2 5
1 1
4 2
5 2
1 4
2 2
2 2
2 5
3 2
5 5
4 4
1 5
2 2
1 5
4 4
2 5
2 2
2 2
2 3
2 3
5 1
1 4
5 4
2 3
4 3
4 5
4 1
1 2
1 5
1 3
5 1
1 2
5 1
4 3
4 3
3 1
3 1
5 4
5 4
4 1
3 5
5 1
5 5
3 3
5 1
5 2
2 2
1 5
5 1
5 3
3 4
3 3
4 3
3 5
4 5
4 1
5 1
2 3
5 3
5 1
3 5
4 1
5 3
4 5
1 4
1 4
3 2
4 2
4 5
1 3
5 5
5 3
3 4
4 1
1 5
2 1
2 4
3 4
2 3
3 1
3 2
3 1
5 1
3 1
5 3
1 1
4 5
1 2
5 5
5 3
1 5
4 5
2 1
4 3
5 1
3 1
4 1
4 5
1 4
1 1
5 4
2 3
4 1
3 5
3 4
1 2
5 3
1 5
3 5
4 3
1 5
4 1
3 4
5 3
3 3
4 5
1 3
1 1
2 5
3 4
4 4
4 4
1 4
1 3
5 5
1 1
3 2
3 5
1 4
2 2
4 4
4 2
5 3
2 5
2 4
5 4
5 3
1 3
4 2
5 1
4 5
4 3
3 4
5 5
4 4
3 5
3 1
4 1
3 5
4 1
5 4
1 3
3 2
1 2
5 3
1 4
5 4
1 1
3 2
2 3
3 3
1 3
1 5
3 1
2 1
4 5
4 5
4 2
1 2
3 1
4 3
5 3
3 3
5 2
5 5
2 1
5 1
2 5
3 2
1 5
3 2
2 3
4 2
4 2
2 1
2 5
1 4
1 4
1 2
2 5
4 1
3 2
4 4
1 2
3 4
4 1
1 1
2 2
4 5
3 1
5 4
1 2
1 2
3 1
5 2
5 2
5 2
5 5
5 3
1 4
2 2
3 3
3 5
1 2
4 3
4 4
1 3
1 1
2 1
5 2
2 4
1 3
5 5
1 5
5 2
3 1
2 3
3 1
5 4
4 5
1 2
3 3
2 2
5 4
4 2
5 4
4 3
1 3
1 3
1 5
4 1
4 3
2 1
2 5
5 3
1 3
2 5
2 1
5 1
5 5
3 3
2 4
4 2
1 4
2 2
4 1
1 2
1 4
5 5
5 4
4 3
1 4
5 4
2 1
5 3
4 3
1 5
4 3
3 4
1 1
5 1
1 5
1 1
1 1
1 1
4 5
2 4
2 3
3 5
5 5
4 4
2 1
4 4
1 4
2 5
3 2
4 2
1 4
1 1
3 4
1 3
4 3
5 1
4 4
4 4
2 4
5 2
4 4
5 4
4 4
3 1
5 2
2 5
2 1
1 2
5 3
3 5
4 3
4 5
1 2
4 2
4 4
4 4
4 2
3 1
3 5
5 1
1 3
1 5
5 3
5 5
3 4
4 3
3 5
3 1
4 5
1 5
2 2
2 4
2 1
3 2
2 4
3 1
5 2
4 1
2 2
2 3
1 5
3 2
5 5
2 5
2 3
3 1
4 4
2 4
4 3
3 1
3 4
3 3
4 4
5 3
3 2
2 1
5 4
3 3
2 5
1 1
3 3
4 1
5 4
4 3
2 5
4 5
2 2
2 2
4 2
5 2
1 5
2 5
1 3
4 1
3 4
2 1
4 5
5 4
5 3
5 5
1 3
4 3
1 2
4 5
4 3
5 2
4 2
3 1
2 3
3 4
3 4
1 5
1 2
4 3
5 3
4 2
1 1
5 4
3 2
5 3
2 5
2 3
3 5
4 1
2 3
3 3
4 2
1 3
1 5
1 5
5 3
1 2
1 1
4 4
4 4
1 2
1 3
4 3
3 1
1 2
1 4
2 3
4 4
4 5
5 5
3 1
3 4
4 3
1 1
4 5
3 1
3 5
3 5
4 5
1 2
4 5
1 5
3 3
2 2
5 3
1 3
1 1
3 1
1 1
1 5
1 3
5 1
1 3
2 2
3 5
2 5
4 2
3 1
4 1
4 3
2 2
5 4
2 4
5 3
5 1
2 3
4 5
2 2
1 2
3 5
1 4
5 4
3 5
4 4
3 3
5 3
1 3
2 2
2 4
3 4
5 2
5 2
2 5
4 5
2 3
3 4
4 4
4 2
3 1
2 1
3 1
3 1
1 4
3 1
5 2
2 2
1 5
1 2
5 1
2 4
7 11 200
10 9 500
5 6 100
8 14 500
7 9 200
12 14 100
9 7 400
10 4 950
7 8 200
10 8 100
15 9 700
5 5 100
16 8 750
4 4 400
16 8 900
11 8 200
2 2 400
10 6 350
5 12 150
7 10 400
4 9 400
8 6 800
9 9 850
10 8 200
10 4 350
6 9 300
9 6 650
3 6 250
7 4 650
6 6 800
8 10 900
6 4 950
6 12 1000
4 9 450
8 8 900
10 10 800
7 9 850
9 9 450
2 4 650
4 9 900
12 8 1000
5 5 700
13 6 250
6 11 600
9 3 850
7 7 950
9 9 950
8 7 750
6 6 250
9 4 450
6 10 100
8 7 350
6 11 850
5 5 550
10 10 700
11 11 200
6 9 500
4 2 500
5 2 800
6 10 850
18 9 100
7 5 900
5 4 350
7 11 500
6 9 100
4 4 250
8 11 950
10 14 800
5 5 100
7 10 500
5 8 350
5 6 150
3 7 500
6 7 300
5 4 400
9 12 900
6 5 150
7 5 950
4 6 600
7 10 150
9 6 750
8 8 400
3 6 600
9 9 300
7 11 900
9 8 500
4 6 250
3 4 750
5 9 500
7 14 300
5 4 450
13 10 300
7 8 750
8 10 450
4 8 800
4 11 500
11 13 950
6 5 500
5 5 550
5 7 500
8 9 850
5 5 250
13 7 600
4 7 900
9 2 400
6 4 400
4 8 1000
7 6 400
5 3 500
8 4 100
7 4 650
11 2 700
9 5 850
5 5 850
5 9 100
5 14 550
9 11 450
10 12 250
5 4 350
10 15 1000
7 9 750
6 4 600
7 6 800
8 5 650
2 4 850
7 6 500
4 10 500
6 5 600
7 5 750
8 5 150
2 4 350
8 10 550
10 6 150
4 3 150
7 10 350
12 11 500
7 11 950
14 14 500
10 7 800
9 10 100
5 6 300
7 6 300
9 7 350
6 8 150
12 7 200
11 18 900
11 9 850
7 6 350
8 12 800
4 4 500
4 11 250
5 5 950
9 15 700
5 8 650
14 7 1000
10 6 1000
4 4 200
6 7 350
7 9 350
13 10 800
7 7 450
5 4 200
5 11 650
8 6 950
5 11 450
5 9 950
7 5 600
4 10 600
14 10 600
5 3 150
8 7 900
5 7 150
7 7 950
11 7 850
4 4 250
7 7 100
3 6 600
12 6 500
5 8 550
9 5 750
9 11 100
5 8 600
6 2 950
6 13 200
5 6 550
11 13 1000
7 5 300
7 8 500
7 13 300
6 6 200
7 6 850
6 9 800
11 5 800
7 6 150
9 6 650
6 6 700
4 9 450
10 10 100
13 6 250
2 4 650
9 7 1000
5 11 800
14 10 900
5 6 300
6 3 200
3 10 850
10 6 850
8 12 300
5 3 100
5 8 250
9 7 400
11 9 450
9 11 250
8 11 600
8 6 400
11 9 900
4 4 150
8 6 800
10 7 1000
5 6 400
8 10 600
5 2 700
7 7 150
5 5 250
9 5 900
2 2 500
12 12 250
12 15 800
6 5 900
15 9 350
3 5 850
8 4 700
13 11 850
9 5 150
8 11 500
7 11 400
16 5 250
6 6 700
2 6 400
10 9 150
7 11 350
8 15 700
5 6 350
12 7 200
7 6 600
6 11 150
11 24 950
17 7 650
17 12 850
3 22 650
4 18 600
25 14 450
6 21 800
24 24 1000
25 17 1000
10 25 850
3 20 900
18 21 750
5 17 500
2 7 250
8 24 550
2 1 250
23 19 800
25 7 550
18 4 350
12 22 750
13 8 150
14 20 100
2 20 550
1 6 650
16 22 150
4 16 300
20 19 850
19 16 800
10 10 500
17 22 600
4 10 150
4 14 650
8 1 900
1 9 100
2 13 950
10 16 150
15 4 1000
2 21 400
15 5 850
3 23 950
19 13 850
2 10 150
3 7 800
11 6 700
21 11 650
24 21 700
10 9 600
21 16 850
