900 900
8 2
1 3
5 4
3 7
5 9
6 9
6 5
9 9
5 9
1 5
3 6
5 2
2 2
3 6
9 5
7 7
6 3
2 6
3 2
4 9
1 1
7 1
4 1
7 4
5 10
7 3
9 2
4 6
7 2
8 2
7 10
4 2
6 7
3 9
4 8
5 6
8 10
6 4
3 1
9 9
10 8
7 4
9 4
3 3
10 8
1 2
5 9
5 8
6 8
3 5
7 9
3 1
8 1
1 10
1 2
9 1
5 4
10 7
10 8
4 7
10 10
7 6
4 2
10 10
9 7
7 4
9 3
3 6
5 5
7 4
4 1
1 5
2 1
5 9
6 6
9 5
5 7
2 7
4 4
1 10
5 9
6 10
3 7
10 5
3 6
4 8
5 7
1 10
5 10
2 6
1 7
7 4
5 3
8 2
4 2
3 4
9 4
5 8
3 5
6 1
9 5
4 5
4 3
7 4
7 5
2 2
7 7
9 10
4 10
3 5
7 4
1 1
7 10
5 3
3 8
5 1
7 9
6 5
5 3
10 10
8 6
8 1
3 8
6 2
5 3
10 4
6 1
8 10
10 5
5 2
1 2
2 9
8 10
5 3
9 4
7 10
2 7
1 1
10 5
3 3
3 10
3 7
9 6
4 1
9 7
9 3
9 2
6 2
7 1
3 6
7 8
5 10
3 3
8 5
1 3
4 8
9 1
6 6
9 9
8 4
9 7
9 2
8 4
2 5
8 7
1 7
7 8
3 3
7 9
8 5
10 9
2 1
9 7
9 9
8 6
5 6
7 6
6 7
3 2
10 6
4 8
6 4
4 3
8 3
7 3
3 2
2 5
2 9
8 6
1 8
10 8
5 1
10 2
10 3
9 1
7 2
1 10
7 4
6 1
4 1
9 2
6 8
10 7
8 5
8 8
6 2
10 2
8 3
8 1
10 9
9 10
9 8
3 8
6 3
6 7
3 6
8 5
6 3
9 3
5 3
2 1
5 2
5 2
6 1
1 8
10 5
7 7
2 10
4 1
3 6
4 6
2 4
9 10
10 3
4 4
2 9
5 8
6 3
3 1
5 9
7 6
8 2
2 6
4 1
2 7
1 5
5 6
1 1
10 1
3 2
10 3
2 10
6 6
10 2
2 8
9 5
10 8
2 4
7 7
2 8
3 9
8 9
2 10
6 5
4 3
9 1
6 6
3 5
7 8
7 5
6 5
9 9
3 1
3 5
10 3
7 8
8 4
1 2
5 2
2 4
6 9
5 2
6 10
6 3
1 9
4 3
5 7
5 3
1 2
6 3
3 8
1 3
2 1
8 9
10 4
3 5
9 3
4 3
1 7
5 2
3 8
5 9
8 7
2 2
5 10
6 10
6 8
5 6
2 7
8 6
10 4
1 2
10 5
8 3
3 8
10 9
10 7
7 5
8 3
5 6
1 3
7 10
3 3
10 3
1 9
1 3
2 9
5 7
2 4
4 9
8 7
7 4
10 7
10 6
3 8
1 5
5 9
8 3
10 7
5 7
9 9
3 3
6 2
3 3
5 5
1 3
1 5
3 9
2 1
2 5
10 6
1 10
2 1
6 9
9 8
3 5
2 7
3 1
8 2
7 7
3 10
3 8
2 8
3 6
3 1
7 4
8 4
10 5
5 4
1 4
10 6
10 7
1 4
8 10
9 9
9 1
1 4
4 1
2 8
3 8
1 10
8 7
5 10
4 7
10 2
4 7
7 3
4 10
2 9
9 3
1 3
1 3
7 3
2 9
5 5
2 1
1 5
8 10
3 2
1 3
6 1
1 1
7 6
2 5
8 7
8 8
7 3
1 9
5 9
6 3
1 3
9 10
10 7
10 10
8 1
8 5
10 6
8 5
9 10
1 6
2 6
9 2
5 2
1 6
10 2
9 8
4 2
4 7
1 2
2 7
4 3
3 3
4 7
10 1
8 7
1 3
5 1
6 1
4 1
1 6
5 6
10 2
1 2
8 8
10 8
5 10
5 3
10 3
10 2
1 4
5 10
8 3
6 6
7 2
5 4
2 6
1 4
1 8
3 4
9 8
10 8
6 6
3 6
6 7
9 8
4 6
7 8
1 8
10 1
9 10
6 4
6 4
1 10
6 5
4 2
5 8
2 1
8 10
4 1
3 10
9 10
7 5
7 7
2 7
7 6
1 10
3 9
7 1
10 9
6 2
8 3
2 9
10 7
8 2
5 10
1 6
1 3
7 8
6 7
4 5
2 2
4 4
2 4
9 2
2 5
9 4
5 10
2 8
1 1
2 7
1 9
10 9
9 3
4 5
1 3
9 5
4 10
8 7
10 3
3 1
4 7
2 8
3 7
4 7
4 9
9 7
1 6
3 9
7 5
3 4
5 10
1 3
8 10
7 9
2 2
8 3
9 4
1 9
1 3
4 10
2 10
2 10
9 4
10 3
5 1
8 6
1 10
6 4
10 3
10 9
4 2
8 8
6 8
6 7
2 2
3 6
10 8
2 10
7 3
1 8
5 6
5 7
6 8
10 4
4 3
9 8
7 4
4 6
5 5
4 7
4 5
9 8
8 1
3 8
2 6
7 1
4 7
7 1
1 2
7 2
3 6
9 7
8 2
5 3
4 2
1 10
10 3
1 3
8 3
1 4
6 3
10 3
8 5
3 5
3 10
1 9
4 3
8 8
8 5
3 2
10 4
1 2
2 5
7 10
7 5
4 6
10 5
9 8
4 8
5 9
5 2
5 4
10 3
8 6
8 8
7 8
9 7
3 2
5 6
3 9
8 8
1 7
5 8
10 9
4 7
10 8
9 7
9 5
6 5
7 9
8 5
9 9
6 8
2 1
3 5
4 4
6 10
8 3
5 4
8 9
1 4
1 6
1 2
8 6
3 5
9 9
10 2
8 7
10 7
7 8
7 3
9 2
3 5
6 6
2 6
1 4
6 4
8 7
1 1
5 3
6 10
7 10
6 3
9 2
5 8
10 6
3 1
8 5
2 10
8 10
8 8
9 5
7 7
7 5
3 9
7 5
7 1
5 1
5 8
10 3
5 9
6 1
7 7
1 10
3 10
5 4
1 7
6 10
4 8
9 6
9 5
8 6
8 4
6 4
1 6
3 6
3 4
2 3
7 7
7 8
8 4
10 8
7 1
4 3
7 9
10 9
5 3
3 8
9 8
6 10
1 5
4 7
4 10
3 1
10 3
6 8
1 3
1 10
3 4
2 8
7 6
2 6
6 10
8 2
3 3
2 7
10 7
10 7
10 10
9 5
10 5
9 5
3 5
2 9
8 4
10 1
4 3
3 4
3 9
9 3
5 9
10 2
8 1
9 10
6 1
1 10
10 10
10 6
3 2
3 6
7 7
6 10
3 9
7 2
5 10
5 9
10 7
8 2
10 3
10 8
6 6
9 6
2 2
1 4
5 7
5 1
8 3
5 2
7 1
5 10
9 5
8 7
3 8
4 6
9 10
5 6
4 10
9 3
1 10
4 8
8 7
5 3
4 3
1 4
7 9
7 10
7 8
10 6
1 5
4 4
9 8
2 9
1 3
2 8
9 1
7 10
7 5
3 4
9 5
4 6
4 1
6 4
6 3
10 5
7 9
7 8
7 6
1 8
7 9
6 3
8 7
8 6
10 10
10 7
4 4
4 9
5 3
9 8
5 2
4 1
5 1
10 7
5 1
8 6
7 8
2 7
10 5
2 10
10 9
4 8
2 3
2 7
8 6
6 6
6 6
8 7
4 1
9 6
2 8
4 3
9 10
10 1
2 1
2 8
1 3
9 7
4 9
6 9
6 9
1 4
10 5
2 6
1 10
8 7
6 4
9 7
8 7
6 2
6 10
6 4
6 4
3 8
8 10
9 2
1 9
7 4
2 2
10 7
8 1
4 6
6 5
10 8
5 10
7 10
2 10
8 4
1 4
6 7
6 6
4 5
1 1
8 5
10 2
7 3
3 8
7 7
8 10
8 10
6 6
8 6
1 5
2 1
10 10
6 6
9 9
1 9
6 7
8 1
1 3
5 10
13 13 96
20 12 68
19 19 77
17 10 94
17 16 51
17 16 58
17 10 66
14 16 79
14 12 74
17 14 58
14 15 52
19 13 64
16 17 73
10 16 81
12 19 73
12 11 55
20 16 87
14 16 88
13 16 67
18 16 77
18 17 80
14 19 59
20 12 94
10 11 75
15 14 50
20 13 94
16 12 99
18 14 81
19 15 89
19 17 60
11 16 89
18 11 55
16 12 53
15 19 55
13 19 85
19 11 57
18 12 81
14 14 67
10 15 97
13 17 74
14 11 74
20 17 80
17 14 81
19 14 53
16 11 90
11 16 69
19 16 87
11 14 50
13 14 88
17 17 80
16 11 69
14 17 52
15 11 90
15 20 76
16 12 60
13 11 96
18 19 54
10 14 88
10 17 83
11 20 83
12 10 87
12 12 61
18 13 51
10 11 60
14 18 92
20 16 65
14 16 88
16 11 78
13 16 69
17 16 71
10 16 82
13 11 100
16 17 99
19 11 97
20 14 91
11 17 98
13 20 96
16 10 69
16 14 54
15 17 62
12 19 87
10 11 100
10 17 69
16 10 94
12 19 75
14 12 89
12 16 61
20 12 80
15 18 60
19 16 72
14 20 76
12 12 82
18 11 67
14 13 63
17 16 93
12 18 91
13 11 95
16 11 99
17 19 53
14 14 85
18 10 52
12 20 96
12 19 93
18 10 93
11 17 66
18 20 69
10 12 96
16 14 82
10 10 55
15 18 77
17 12 79
16 17 67
19 16 89
10 15 82
10 20 66
19 13 70
13 10 56
12 17 99
20 19 94
13 18 65
16 10 83
19 15 54
16 12 99
19 18 98
12 15 84
10 14 71
11 17 87
18 12 56
12 19 67
10 10 58
15 12 97
16 10 70
11 10 59
10 19 91
11 19 56
16 14 68
16 17 72
14 18 52
18 19 82
16 17 56
15 16 59
17 16 94
12 18 63
19 10 87
13 13 68
16 10 92
11 11 73
13 18 63
14 10 81
10 10 79
20 14 66
12 20 99
10 15 76
16 16 52
19 12 73
12 12 51
14 12 52
20 17 83
18 20 73
17 16 66
17 11 78
10 16 66
17 20 52
16 18 52
18 14 97
16 11 85
13 13 99
12 15 81
20 14 99
10 11 57
19 11 50
20 18 65
12 12 77
17 15 89
17 14 51
11 11 58
10 20 74
10 20 95
17 17 82
18 15 86
15 13 91
20 17 94
18 11 62
19 17 66
10 16 84
13 16 80
10 15 89
15 11 63
11 11 58
18 14 84
12 19 82
12 19 98
17 15 56
20 19 82
19 14 82
16 12 62
20 14 60
18 20 56
19 19 96
13 12 98
11 17 93
10 10 81
19 12 82
15 20 80
19 11 69
18 15 53
15 10 91
14 13 78
10 17 60
17 20 64
13 19 85
13 14 62
13 15 67
17 15 98
18 19 94
19 10 54
16 18 65
18 20 60
10 11 83
10 14 86
10 11 95
11 10 79
17 18 50
20 10 50
14 11 87
19 10 52
15 17 73
15 11 90
13 15 98
15 18 92
10 18 79
12 15 73
19 11 66
12 17 86
15 10 93
20 14 70
20 20 95
17 15 53
17 19 75
13 20 59
15 16 56
12 19 91
14 16 60
18 20 88
17 15 100
18 20 58
12 18 64
18 16 87
18 16 77
18 19 80
14 13 93
20 17 84
18 12 52
11 12 52
19 17 96
10 19 63
17 13 72
20 20 73
15 13 98
13 14 83
16 10 74
15 17 88
14 20 52
17 12 60
18 16 79
12 17 73
12 15 71
10 20 95
14 14 53
11 11 77
13 11 54
13 14 69
19 11 79
17 18 82
17 16 82
11 13 65
16 11 84
18 10 73
20 20 53
10 19 94
20 18 52
12 19 69
10 20 79
16 13 55
15 13 88
14 19 94
10 19 50
19 20 93
16 18 87
15 20 64
16 19 94
14 10 77
16 11 98
17 18 80
13 20 87
20 13 55
12 15 64
10 18 52
18 14 81
11 18 93
11 18 58
14 11 71
12 11 94
10 15 52
19 20 98
14 15 61
14 18 79
13 10 60
13 18 67
17 20 63
12 19 98
14 14 66
18 18 59
20 18 52
10 13 55
18 16 57
13 10 50
13 20 98
19 17 76
11 14 82
19 10 64
16 14 93
14 19 65
17 20 76
20 13 84
15 17 53
20 15 80
16 14 67
19 18 99
18 10 63
10 15 56
11 18 73
15 16 52
10 13 83
17 20 93
17 11 68
19 13 74
20 16 64
12 12 81
20 19 67
12 18 52
11 15 52
11 12 92
16 13 54
18 11 58
12 10 96
12 19 53
14 10 69
20 13 83
16 15 100
15 12 51
15 10 66
10 10 98
11 16 99
18 10 72
12 19 59
12 14 90
19 18 64
11 16 53
12 11 69
13 19 79
19 14 50
17 14 85
20 17 73
12 20 99
19 11 67
11 10 56
17 12 69
18 17 88
20 11 65
14 13 87
15 20 72
17 20 91
20 17 100
20 12 77
19 19 53
12 12 80
19 16 61
18 10 87
17 14 52
14 17 99
19 18 93
11 10 60
12 20 86
16 10 82
17 19 80
14 19 59
20 17 50
13 20 54
20 19 74
18 13 68
16 14 84
19 13 62
11 15 56
15 10 90
11 19 51
16 16 81
14 11 55
16 16 83
11 20 93
20 16 100
11 19 67
16 11 65
15 18 86
14 19 52
14 13 82
13 18 82
17 13 78
17 20 89
13 17 81
12 14 50
19 19 92
16 19 71
10 17 96
17 17 70
12 19 80
10 11 97
19 16 57
17 20 60
20 16 91
20 16 65
18 15 50
19 19 55
18 18 63
20 19 88
14 13 86
13 12 89
16 16 53
16 18 76
11 13 88
20 19 89
16 18 84
19 14 64
12 15 55
20 19 59
20 14 89
11 19 84
15 18 98
14 13 94
19 16 63
17 19 87
10 15 78
15 19 51
18 13 68
16 12 74
13 20 61
19 20 50
19 15 100
15 12 78
18 19 95
11 18 67
13 14 78
12 11 69
18 12 60
11 17 83
19 20 80
19 10 55
18 16 98
11 16 52
14 17 62
17 10 82
16 12 73
12 11 66
19 19 85
10 17 95
15 20 90
11 18 97
13 18 63
17 16 52
15 20 80
17 12 69
19 14 66
12 15 71
10 10 56
13 13 55
13 13 60
18 13 90
15 15 91
13 10 79
17 18 96
10 14 63
12 14 58
16 11 92
12 16 97
11 11 87
18 15 93
14 18 54
13 17 63
10 16 62
12 10 100
19 19 68
20 17 90
15 11 58
14 12 91
10 15 100
10 17 70
15 20 58
20 16 72
20 14 67
20 17 70
13 19 55
13 18 54
16 18 99
11 13 63
10 19 55
15 20 87
14 10 65
14 18 100
15 11 76
19 14 67
14 17 72
16 15 74
14 10 67
16 12 99
16 10 88
16 12 59
12 10 55
20 16 92
18 15 93
10 11 96
15 14 87
17 19 56
13 17 69
18 13 56
16 20 53
16 17 59
14 14 91
15 15 99
16 12 93
11 11 92
14 20 78
14 15 81
17 11 56
16 17 93
20 16 68
19 20 70
20 16 71
12 11 89
20 15 91
12 11 86
11 14 62
12 11 61
18 16 83
12 15 88
17 19 53
14 14 100
15 18 66
16 11 100
12 18 51
12 11 57
20 14 84
16 16 59
18 18 59
19 16 93
20 16 86
11 12 63
15 19 63
14 10 97
12 11 53
13 14 69
15 13 59
14 16 92
17 12 98
11 19 58
16 19 69
18 19 96
11 18 94
12 18 83
15 11 74
14 11 80
14 14 77
19 13 79
15 15 62
11 13 52
12 17 50
18 17 60
11 17 80
11 18 71
10 14 67
14 10 89
14 11 54
16 15 52
16 14 58
11 20 86
20 16 83
18 14 52
10 14 95
20 12 51
15 11 91
17 13 72
18 14 67
13 18 100
17 13 61
14 20 83
16 10 85
10 11 92
14 14 57
14 18 66
19 13 80
13 13 99
17 16 61
14 19 50
16 13 66
11 10 90
15 16 94
15 16 76
13 14 61
20 13 83
13 11 69
14 15 68
18 17 59
18 17 55
17 14 74
10 16 86
15 12 59
13 13 67
14 15 86
15 20 62
20 10 72
13 18 74
18 12 94
19 10 67
16 19 98
17 15 99
11 20 59
18 14 65
18 14 67
19 14 99
14 14 97
13 16 88
18 17 91
10 12 90
12 18 94
14 11 90
17 14 77
17 14 51
14 11 59
12 19 80
14 16 63
16 12 68
11 13 55
18 11 93
10 18 81
14 11 56
19 15 61
19 14 67
16 19 56
19 11 93
20 19 93
17 14 89
10 14 72
11 17 84
14 13 94
13 18 54
13 17 71
17 20 59
12 19 62
11 10 64
16 15 63
12 14 98
13 20 73
11 10 67
15 17 72
19 13 98
16 15 68
17 17 76
19 18 90
12 13 91
12 11 67
14 19 93
18 19 77
12 17 62
19 10 56
19 16 99
16 16 95
10 19 69
18 11 94
10 16 80
13 17 55
15 12 62
20 14 83
12 14 94
17 17 85
16 16 81
18 19 60
11 15 51
17 11 69
17 15 68
18 12 56
15 10 77
10 17 99
11 11 74
15 18 71
20 19 60
20 17 92
20 19 81
20 12 75
15 14 71
19 16 79
13 18 85
18 16 96
17 17 98
17 19 55
10 12 65
14 11 94
17 19 68
15 11 72
18 19 87
12 16 82
18 10 74
16 13 71
19 11 71
18 19 70
17 12 76
16 13 89
10 10 79
17 17 69
18 12 73
14 13 63
13 20 54
10 16 64
19 16 78
10 13 50
14 10 51
16 11 97
16 20 82
11 12 53
11 13 54
18 11 64
10 13 63
10 10 60
12 14 51
16 10 100
13 12 81
11 11 68
10 10 68
13 16 54
18 11 79
11 10 79
16 11 90
10 13 95
13 15 100
11 14 64
13 14 84
17 19 79
11 12 82
13 10 61
15 20 80
15 18 61
15 15 62
10 16 53
17 10 81
19 20 64
17 18 100
17 14 50
16 15 67
12 16 69
19 14 92
13 10 50
19 17 62
14 11 70
12 15 74
14 18 95
10 15 85
15 17 60
19 18 78
14 15 78
20 12 62
18 19 57
12 20 78
16 19 60
18 19 76
13 10 52
20 13 74
18 19 87
10 11 80
15 10 54
12 13 84
13 20 54
10 13 67
11 20 98
11 20 64
10 12 50
12 13 70
18 14 71
11 20 58
17 16 97
17 17 80
13 18 50
13 15 66
13 15 63
20 19 55
19 16 93
14 11 73
11 11 74
19 11 53
12 10 97
12 11 50
20 11 64
19 12 90
17 10 78
20 20 96
12 18 70
13 18 56
14 16 73
14 17 95
18 10 91
20 11 79
14 16 99
15 14 91
14 11 70
12 16 63
14 17 99
16 13 92
19 17 85
20 18 81
10 14 79
11 17 89
20 19 63
16 14 55
14 11 89
20 16 63
13 10 54
16 17 71
15 20 82
10 13 54
19 15 86
11 11 96
15 18 51
15 15 77
18 12 90
20 11 50
14 20 85
16 17 81
17 17 82
18 19 69
17 15 90
11 12 69
11 20 74
11 13 56
13 17 54
20 14 71
15 10 91
10 19 67
18 13 56
18 14 82
20 15 73
18 17 73
15 15 72
13 11 79
15 17 60
13 17 79
17 10 58
11 10 84
17 18 76
19 17 70
12 11 52
15 16 61
17 12 83
19 13 98
14 10 83
17 13 56
13 13 55
20 15 73
15 14 85
16 16 62
19 19 88
16 13 92
17 12 58
15 19 74
17 10 64
13 13 66
18 12 59
14 17 72
14 18 54
16 15 85
13 10 96
17 17 69
16 14 61
11 13 52
14 19 61
20 17 90
17 11 97
19 15 94
14 11 91
14 20 98
15 15 67
17 17 71
15 11 91
10 13 73
17 13 71
17 14 74
14 19 98
15 15 72
10 12 94
18 17 54
11 17 65
10 16 55
19 16 59
13 10 99
