950 327
3 2
4 4
4 5
5 5
5 1
3 5
4 1
3 2
1 3
3 3
5 1
2 3
2 2
5 4
1 1
5 3
1 5
5 4
2 2
4 2
3 5
1 1
5 3
5 5
2 2
5 2
3 4
1 5
5 4
3 1
5 3
4 1
4 2
2 4
4 3
5 2
2 5
1 3
4 2
5 2
1 3
4 1
1 3
1 4
4 4
3 5
2 5
3 2
1 4
5 4
5 5
3 4
2 1
1 5
1 3
2 5
5 5
4 2
1 5
3 4
1 1
3 3
3 3
5 2
3 4
4 1
2 1
3 3
5 2
2 3
2 3
2 2
3 2
1 2
2 4
1 3
1 4
2 3
2 1
2 2
2 3
4 1
4 1
5 3
3 1
1 2
5 2
4 3
5 2
1 3
2 5
4 5
1 2
3 3
3 2
1 2
1 1
1 3
4 5
5 2
4 3
1 3
3 5
4 5
4 3
5 1
4 5
2 4
5 5
1 2
2 5
3 4
3 1
4 5
5 3
5 4
4 2
4 5
2 5
1 2
1 1
4 2
5 4
3 4
4 5
2 5
1 2
2 5
5 1
3 1
1 5
4 3
5 4
3 2
4 5
1 2
3 1
4 5
1 3
3 1
5 3
2 4
1 1
3 4
3 5
3 1
3 1
4 2
5 1
4 3
1 4
1 2
5 3
3 3
1 4
1 3
3 3
1 3
2 4
5 2
2 5
4 1
2 1
2 1
5 1
3 5
2 5
4 2
4 2
5 5
1 3
5 3
1 2
4 4
4 3
3 2
5 2
4 4
5 2
4 4
5 4
1 3
3 5
3 4
2 5
4 4
4 4
5 3
2 3
5 3
4 1
2 5
3 1
2 3
5 5
2 4
2 3
4 1
3 1
3 1
5 3
1 4
2 5
2 2
4 3
4 3
5 2
2 5
4 5
5 5
5 1
4 2
4 4
3 4
2 4
4 1
1 2
4 1
1 1
5 2
4 3
2 2
1 5
4 4
4 1
1 5
3 4
3 1
3 3
3 3
4 5
5 5
5 3
3 4
2 2
1 3
1 1
2 4
1 3
1 2
2 3
3 2
5 3
2 5
3 2
4 5
3 5
3 2
2 4
3 5
1 5
5 1
2 3
4 3
2 2
1 2
2 3
4 4
3 4
3 5
4 4
1 1
5 5
3 2
5 5
2 1
1 5
2 3
3 3
3 2
5 5
4 4
3 1
1 2
3 5
5 5
4 2
4 3
3 3
3 5
1 4
1 4
1 3
1 2
5 3
5 1
3 2
2 2
5 5
4 2
3 3
5 5
4 4
3 2
1 5
2 5
4 1
3 5
1 5
2 4
2 4
1 2
1 5
5 3
4 2
5 5
3 2
5 5
5 3
4 4
5 3
4 1
2 5
2 3
3 5
5 3
4 4
3 2
4 2
4 2
4 1
3 4
5 4
3 1
5 3
2 3
1 1
4 3
5 1
5 4
4 5
5 5
2 2
5 4
3 5
3 5
5 3
4 1
5 4
3 2
2 1
4 2
3 5
2 4
1 3
3 4
5 4
3 2
4 2
4 1
1 1
1 1
4 1
5 3
5 1
1 2
3 4
4 4
1 5
5 1
2 1
2 2
5 3
2 1
1 5
4 4
1 4
2 5
1 4
2 2
1 5
2 5
2 3
1 2
3 2
3 4
3 3
2 3
3 2
5 1
5 2
4 4
5 2
1 1
5 1
4 5
1 1
3 1
5 3
5 5
2 4
1 3
5 5
1 5
1 3
1 1
4 2
5 4
5 2
1 4
2 1
4 5
1 4
5 3
1 1
5 4
4 1
5 5
4 5
2 1
2 5
1 5
1 5
3 1
2 3
5 2
5 5
3 2
1 2
1 5
1 2
3 2
1 4
3 3
1 1
5 2
4 1
5 4
3 2
2 1
1 5
1 3
5 5
1 4
1 3
3 1
3 4
5 4
2 1
3 3
2 2
5 4
3 4
4 4
4 2
5 3
5 5
4 1
5 2
5 3
2 1
1 5
3 5
1 1
5 1
1 3
3 5
1 5
4 5
1 2
1 5
2 1
1 2
2 5
5 1
3 5
3 4
3 4
1 5
4 2
4 4
5 4
3 3
3 3
3 1
3 4
5 5
5 1
1 3
3 4
5 2
1 4
2 1
5 5
4 5
3 2
2 5
1 5
1 5
4 5
5 5
5 5
3 4
3 1
3 3
2 1
2 5
3 3
4 1
5 3
2 2
1 2
2 2
1 1
2 2
1 5
3 1
5 3
3 4
4 2
4 5
3 4
1 1
1 1
4 3
1 5
5 3
2 3
4 5
3 5
3 4
5 4
3 4
3 1
2 4
2 3
4 3
5 5
3 5
4 3
2 2
1 1
2 5
3 4
5 4
3 3
4 2
1 5
1 4
2 3
5 3
1 1
5 3
1 5
3 1
2 2
4 5
3 3
4 5
5 1
5 2
3 2
1 1
4 4
2 4
3 1
4 2
5 3
5 3
1 3
3 1
5 5
3 2
4 4
4 4
1 2
2 5
3 1
5 4
5 5
5 3
4 4
4 2
2 1
5 1
3 4
5 4
1 2
5 5
4 1
5 1
4 3
5 3
5 5
1 3
2 2
1 5
1 5
3 4
2 5
2 3
1 3
5 1
1 4
1 4
1 5
2 4
1 3
1 1
5 3
2 3
1 5
1 5
5 4
2 2
4 3
4 4
2 3
2 4
4 4
4 4
2 1
1 2
5 1
1 5
3 2
3 3
2 3
1 1
4 4
5 2
2 2
2 1
2 4
3 2
4 4
3 2
1 1
1 5
4 4
3 1
3 4
2 2
2 4
4 2
4 1
4 2
1 4
4 2
1 1
2 5
2 1
1 4
5 3
5 4
4 3
1 4
5 5
1 4
1 4
2 3
5 4
3 2
2 1
1 2
4 2
2 5
5 2
5 5
2 4
2 1
4 1
5 1
5 4
5 5
1 3
3 4
4 4
3 3
1 2
3 5
3 2
3 5
2 3
2 4
3 3
1 5
4 2
4 5
3 4
2 5
5 2
5 5
1 2
1 1
2 4
4 5
4 3
3 2
2 4
5 4
3 5
2 3
4 1
4 4
1 1
4 1
3 1
5 2
1 2
5 3
4 3
4 4
5 4
5 1
1 5
5 4
1 3
1 5
4 3
3 5
3 3
5 3
4 1
4 4
4 2
5 1
5 2
5 4
2 5
3 5
5 3
1 5
2 5
3 3
1 5
1 5
1 5
2 2
4 3
5 2
3 5
5 5
4 2
5 4
2 1
5 5
2 5
2 5
3 1
4 2
5 2
4 2
5 2
3 1
2 5
2 5
5 4
2 3
1 1
5 5
1 5
1 2
4 2
5 1
2 5
4 5
2 3
4 1
4 4
5 3
4 3
2 2
5 2
2 2
4 1
2 1
2 4
5 2
5 1
1 2
5 4
1 4
4 3
2 3
5 1
5 2
1 1
1 5
5 4
3 4
4 4
5 3
1 1
3 2
3 4
3 3
2 1
5 2
4 2
1 2
2 4
4 3
5 3
4 2
2 4
1 2
3 5
5 2
4 3
3 3
3 2
5 1
4 3
2 2
3 5
3 4
2 4
1 3
4 2
4 4
3 2
5 4
3 3
5 4
3 5
5 5
2 1
4 4
3 3
3 4
4 1
4 3
5 5
3 2
1 2
3 5
5 3
5 3
5 1
2 2
4 5
2 2
3 3
4 3
5 2
3 4
5 2
1 4
4 3
4 2
4 4
5 1
3 4
3 4
5 3
4 1
1 1
3 5
2 2
5 2
1 1
5 4
3 2
2 1
4 2
1 1
2 3
4 3
5 1
3 4
5 5
2 3
5 3
2 5
2 2
3 2
3 2
4 2
5 2
3 2
5 1
3 5
3 1
3 5
4 1
2 1
5 4
3 1
2 5
1 3
3 1
4 3
1 1
3 2
1 2
1 4
5 4
2 4
2 3
2 5
1 4
5 1
3 2
3 1
2 3
5 4
3 1
4 3
3 2
2 5
5 4
5 4
2 5
3 3
4 2
2 2
1 3
2 5
2 1
5 1
4 3
3 2
2 2
3 3
1 3
2 3
2 1
5 1
1 2
1 5
3 1
2 4
1 4
2 5
3 2
3 4
5 5
5 4
3 1
4 5
4 5
3 1
5 4
5 4
2 5
3 5
4 5
3 5
3 3
2 5
3 4
1 5
3 1
3 1
2 3
4 3
1 5
3 3
5 1
13 10 450
11 15 700
13 8 950
17 9 350
9 12 900
8 6 800
7 5 950
11 11 250
2 4 150
5 4 200
13 9 500
9 5 700
2 2 150
8 5 200
6 7 700
9 10 900
9 14 200
9 3 450
5 5 800
13 8 700
3 4 450
9 4 850
7 5 850
6 2 500
4 10 550
8 6 950
8 5 850
5 3 1000
5 8 1000
3 6 900
5 6 300
5 11 900
6 9 850
15 13 250
5 6 200
11 7 450
6 8 450
9 6 950
8 12 700
11 8 350
8 7 300
4 5 950
9 5 250
8 4 150
13 13 900
7 9 100
11 11 400
7 4 200
7 4 700
8 4 250
5 8 900
4 4 350
6 13 200
8 14 700
8 9 200
5 2 600
8 10 700
6 9 600
5 5 1000
7 7 450
11 10 950
5 5 850
6 4 900
7 9 800
7 5 400
15 8 800
7 6 250
7 4 650
10 8 600
2 6 350
7 8 800
5 4 250
4 9 650
13 11 250
11 10 700
11 6 500
7 8 650
7 9 650
7 4 900
8 10 450
9 9 850
8 9 450
5 6 150
8 9 750
9 14 400
11 4 550
8 9 600
11 7 650
7 8 150
7 5 250
6 13 950
6 8 100
9 10 500
9 12 400
9 7 300
2 4 1000
9 11 100
11 8 100
7 9 250
7 6 550
6 8 250
7 7 450
6 5 250
7 7 200
18 17 600
9 11 750
9 7 500
3 6 150
10 7 400
12 9 800
7 11 800
7 8 900
9 10 100
15 7 500
6 10 150
7 7 1000
6 5 100
8 7 100
9 12 250
9 5 300
2 4 750
12 8 800
7 9 100
11 8 700
5 6 400
3 8 400
9 6 500
5 7 350
12 14 600
9 5 900
5 11 1000
3 7 800
8 5 750
5 6 100
11 9 150
7 12 800
10 7 950
9 8 450
4 11 600
8 8 550
12 5 1000
7 11 950
12 2 900
11 4 500
6 9 150
11 10 300
6 8 650
7 5 200
10 7 800
12 8 850
6 10 450
6 13 350
8 8 150
12 7 900
5 7 950
5 5 750
18 12 650
9 6 600
5 4 250
11 8 550
10 7 700
7 10 950
8 2 850
4 11 300
8 12 900
10 8 450
5 1 550
4 8 650
5 10 800
6 8 250
6 6 950
7 9 450
7 4 750
7 7 100
7 9 250
11 6 550
18 9 900
13 12 900
10 11 750
6 6 1000
6 5 500
10 10 100
11 7 500
8 2 400
12 12 700
8 4 550
8 4 700
8 8 650
9 11 350
5 5 750
8 3 800
10 13 500
2 8 800
12 8 150
5 9 950
9 12 650
6 9 350
6 4 900
6 11 750
7 7 600
7 5 400
11 7 800
3 5 200
6 5 750
4 8 700
5 6 100
4 10 450
3 5 600
4 9 800
7 12 450
6 11 450
2 5 250
7 7 850
7 7 500
10 4 700
6 2 200
8 10 750
10 6 350
12 13 800
9 10 400
5 9 100
8 9 1000
10 8 400
7 5 650
6 11 700
13 5 650
10 6 350
6 10 200
4 6 700
10 8 250
7 9 400
10 10 900
7 14 500
6 8 100
12 8 150
8 4 100
3 10 450
13 12 650
8 10 300
5 7 250
13 9 350
8 9 500
8 11 800
9 6 950
6 10 100
12 10 800
9 6 800
5 5 850
10 8 500
8 8 450
7 8 450
10 8 300
3 7 200
7 3 500
11 9 250
7 10 400
7 8 300
8 10 200
10 4 950
5 5 900
8 12 700
9 4 450
7 6 400
6 5 550
10 13 450
5 4 400
6 6 900
5 7 300
5 7 350
6 10 250
6 3 100
5 5 900
6 12 350
13 12 750
18 13 800
21 23 700
25 19 400
8 3 900
22 11 250
8 11 600
1 9 1000
21 20 1000
25 19 750
19 17 150
5 17 100
5 18 650
18 11 900
16 13 850
12 4 650
2 20 850
7 24 750
16 21 400
25 18 500
22 18 350
7 25 650
11 14 900
12 10 950
6 18 450
20 1 800
23 8 800
1 4 750
13 21 150
19 22 300
22 22 450
8 22 400
18 11 400
16 3 900
25 4 800
22 16 500
13 17 500
4 1 350
4 3 850
1 3 450
4 12 900
12 3 500
1 22 200
6 21 750
8 6 850
7 14 1000
20 10 600
24 23 950
19 1 350
23 10 650
24 17 200
15 4 400
24 10 850
3 17 350
