1000 336
4 3
5 5
1 4
2 1
4 3
5 3
2 1
4 3
5 1
1 2
2 1
4 1
4 1
2 1
5 5
4 2
1 2
5 3
5 4
3 5
5 3
5 4
2 1
5 3
4 4
4 3
1 2
2 1
3 5
5 4
3 3
1 5
1 2
2 1
1 2
5 5
1 4
4 5
1 1
1 2
3 1
4 2
5 1
3 1
2 2
5 5
4 5
4 5
2 1
3 3
5 1
4 1
2 4
3 4
4 3
4 3
4 2
3 2
4 2
1 1
4 1
5 1
2 4
5 1
2 4
1 2
4 4
5 5
1 1
4 1
3 3
3 2
4 4
3 3
5 3
5 2
2 2
3 3
4 5
3 1
3 4
2 3
1 4
3 5
2 2
3 2
4 1
1 4
3 2
1 3
3 4
2 1
2 2
4 1
4 5
5 2
4 1
5 1
5 1
4 4
2 4
1 4
3 4
5 4
5 2
3 2
2 3
5 5
2 1
5 5
5 2
1 4
5 1
5 4
3 5
3 3
3 4
3 3
3 4
1 1
5 4
4 1
2 4
3 1
4 2
5 5
2 1
1 5
3 4
2 5
5 3
4 4
4 2
4 3
1 3
1 5
3 2
4 5
5 2
4 1
2 5
5 2
5 3
3 3
1 5
5 3
2 4
3 2
2 5
2 1
4 5
1 1
3 4
3 2
2 5
4 4
4 1
2 4
4 5
1 1
3 5
3 3
1 5
5 4
2 4
4 5
5 1
2 5
1 2
4 5
3 2
2 1
3 1
4 3
4 5
4 5
2 3
4 5
3 5
3 3
2 4
1 3
2 4
4 2
1 4
1 1
5 5
3 5
2 5
4 1
4 1
2 4
5 2
5 4
5 3
5 2
3 4
4 3
4 2
1 4
2 1
3 4
3 2
2 4
4 5
3 2
1 3
5 1
1 5
2 5
3 5
4 2
5 3
3 4
3 1
5 3
4 5
4 1
5 4
4 1
4 3
1 1
3 2
2 2
1 4
4 4
2 4
1 5
4 2
2 1
2 1
5 1
5 1
3 4
1 1
3 1
3 5
2 5
3 4
2 2
3 3
3 2
3 5
2 1
5 4
3 4
4 1
1 3
2 2
3 5
4 4
3 5
2 1
5 3
2 3
2 5
3 2
2 2
4 4
4 1
1 3
5 3
4 1
3 2
4 1
3 3
2 4
1 1
3 2
2 5
3 5
2 1
2 2
4 4
3 3
1 2
1 4
4 2
3 2
2 3
5 1
4 1
4 5
2 2
1 3
4 4
2 4
4 2
2 3
4 2
3 4
4 3
4 3
5 5
1 3
4 3
5 3
1 2
5 5
2 2
2 5
3 2
5 1
1 4
5 5
2 4
3 1
1 2
5 2
4 3
3 3
3 1
2 5
3 1
1 3
3 3
1 1
4 4
3 3
3 3
2 2
5 2
5 1
1 5
3 4
1 2
3 1
4 5
5 2
1 1
3 5
1 4
2 5
2 4
3 1
1 1
2 1
3 4
4 4
2 2
2 4
2 3
3 2
2 2
5 2
1 4
5 2
4 4
4 1
3 2
5 2
1 4
2 4
4 4
3 4
1 5
4 2
4 5
3 5
3 4
4 4
1 3
4 5
2 5
5 3
5 5
4 2
3 1
4 3
1 3
3 3
1 2
3 4
3 2
3 4
5 4
3 4
3 1
4 4
2 5
5 3
1 3
2 2
4 2
2 2
4 2
1 2
3 5
4 5
2 2
3 4
4 1
1 2
1 3
3 1
3 3
5 5
2 4
4 3
3 1
2 2
3 1
2 2
2 5
2 3
4 5
5 3
4 3
2 2
4 5
5 5
4 5
4 5
2 2
1 3
5 2
1 3
1 5
5 2
2 4
1 1
1 2
5 4
4 3
2 2
4 1
5 2
5 2
2 2
5 1
3 1
4 3
4 5
1 4
1 4
2 3
1 1
4 2
2 5
5 2
4 5
2 2
5 4
5 2
3 2
4 4
5 3
1 4
1 1
2 5
5 1
3 5
1 2
3 4
4 4
1 5
1 3
3 5
1 4
5 3
4 1
2 2
5 2
1 1
3 1
3 4
2 4
4 3
2 2
2 4
3 5
3 4
4 4
1 2
3 5
3 2
2 5
4 5
5 3
3 1
2 2
2 5
3 3
4 1
1 4
1 4
1 4
5 1
1 2
2 2
2 4
3 5
4 4
1 3
4 3
5 5
1 3
5 1
1 3
2 1
2 1
2 1
5 5
4 5
5 5
5 3
3 5
5 1
4 5
2 1
5 5
3 2
2 4
2 5
3 1
2 5
1 1
1 2
5 3
2 5
5 5
4 4
3 2
5 5
1 3
2 3
4 3
4 4
3 4
3 4
5 5
5 2
2 5
4 1
2 1
1 5
2 2
4 1
5 2
4 5
1 4
4 5
1 3
4 1
2 3
2 4
2 3
5 4
5 2
2 2
3 4
4 1
5 5
2 4
2 3
3 3
4 4
1 5
3 1
3 3
4 1
4 5
4 2
2 1
2 2
5 3
3 4
5 3
2 3
3 1
3 1
4 4
2 5
1 5
1 4
3 4
4 3
3 3
1 5
1 3
2 1
5 3
5 4
3 2
3 3
5 1
4 3
2 5
1 4
3 4
3 1
5 4
4 2
5 3
5 5
4 3
4 3
5 2
2 2
1 3
2 1
2 3
4 4
1 3
4 2
4 4
2 4
5 3
1 4
3 4
5 4
4 2
1 3
2 2
1 4
5 1
1 1
3 3
4 5
1 5
3 1
4 5
4 1
4 5
4 4
4 1
5 1
3 4
5 2
4 1
5 3
3 1
3 1
2 3
3 3
3 5
5 5
4 4
2 1
5 3
1 4
1 4
1 4
1 2
2 4
4 1
1 1
3 3
5 4
2 1
4 5
5 4
2 2
3 5
5 5
2 2
4 4
2 2
1 4
4 2
5 5
5 2
1 2
2 3
2 3
3 4
3 5
3 1
4 1
5 2
1 2
3 5
2 4
4 4
4 1
4 5
4 2
1 1
1 5
5 5
1 5
3 2
1 4
4 4
1 1
5 5
3 4
5 1
1 1
2 3
3 2
4 4
3 4
5 4
3 3
5 3
3 3
3 4
3 3
3 3
5 1
2 1
4 3
5 5
2 2
1 5
4 2
3 5
4 5
4 3
5 5
4 4
4 4
3 2
3 3
2 3
5 1
4 4
5 1
2 3
1 3
1 2
1 3
2 4
3 1
3 1
4 4
1 2
2 5
2 4
3 2
5 1
2 2
1 1
3 2
3 1
4 4
1 5
4 1
3 5
2 4
1 4
3 5
1 1
5 5
5 5
4 3
4 1
3 5
2 3
3 5
4 4
5 2
4 2
1 4
4 4
1 2
3 2
4 4
1 1
4 1
1 2
1 2
1 5
1 2
1 4
5 3
1 1
4 5
4 2
3 3
4 5
3 2
2 1
5 1
1 1
3 4
4 4
5 4
1 4
1 1
2 5
5 2
1 2
4 4
4 2
5 2
4 1
3 2
3 1
2 1
3 3
3 1
3 4
4 2
3 4
3 5
5 3
2 5
1 1
3 2
2 5
4 4
4 3
3 3
2 3
1 1
5 4
3 4
2 2
4 1
3 3
4 2
4 4
3 2
2 3
3 3
5 3
2 4
1 5
1 1
2 3
4 2
3 4
4 1
5 2
4 5
3 3
4 3
5 3
2 1
4 4
2 1
3 3
4 4
2 1
2 4
2 1
3 3
3 5
3 2
3 4
2 2
4 2
5 5
2 2
2 3
2 2
3 4
5 2
2 2
5 5
3 1
2 1
1 2
5 3
4 1
3 2
5 2
3 2
2 5
4 5
1 3
4 1
4 1
3 5
3 1
3 2
5 1
3 1
2 5
1 1
2 4
2 1
2 5
5 5
1 1
5 1
4 2
3 2
3 2
4 1
3 3
3 5
5 1
1 4
5 5
1 1
5 2
1 5
1 3
4 1
5 1
5 1
4 4
4 5
5 2
1 4
5 5
5 4
3 1
5 1
1 4
3 4
3 2
3 5
3 3
2 5
4 2
3 1
2 3
4 5
2 5
5 3
3 4
5 5
2 4
3 3
4 1
5 4
4 3
4 1
3 5
2 4
3 4
1 2
4 2
3 4
5 4
4 3
4 4
5 3
3 3
4 4
4 4
4 2
3 1
5 3
1 4
3 5
3 4
4 4
3 5
3 2
3 4
5 1
2 3
5 4
1 2
1 5
2 5
4 3
4 5
2 3
1 3
4 5
1 1
5 5
4 1
4 2
5 4
4 1
4 2
5 3
5 4
1 2
3 4
5 1
1 5
5 1
4 5
4 1
2 3
1 5
5 4
2 1
2 1
2 3
1 1
1 5
5 4
2 2
3 4
2 2
2 4
2 5
2 2
1 4
1 2
1 5
2 5
4 5
4 3
2 5
1 4
4 4
5 5
3 3
1 5
5 3
5 3 650
7 11 750
7 8 250
7 8 600
4 5 250
8 9 450
5 9 400
9 9 850
10 11 750
8 8 900
8 4 800
8 12 900
4 4 450
6 8 150
5 6 650
9 6 950
5 3 600
14 16 850
12 10 600
8 14 400
8 7 300
11 10 150
8 12 150
6 6 1000
6 5 800
6 13 150
8 12 750
3 2 450
10 9 850
15 9 250
8 3 150
9 8 600
4 8 700
8 7 1000
16 11 600
6 6 450
6 3 450
5 4 450
8 12 200
5 3 500
7 9 400
11 8 1000
5 7 700
6 8 350
8 6 700
9 6 500
6 6 400
9 3 650
9 8 700
12 7 200
9 4 1000
9 13 450
10 9 700
8 15 850
8 5 500
12 15 200
8 7 950
5 8 400
9 11 200
11 11 600
6 13 200
9 8 650
8 7 300
12 7 350
10 12 400
2 4 250
6 5 850
6 6 750
7 9 300
6 8 1000
7 14 250
12 8 900
8 12 700
13 7 350
11 5 950
4 2 350
10 7 700
7 4 850
13 10 550
9 11 200
7 5 350
6 4 350
8 6 850
4 4 300
13 15 450
6 10 150
7 10 200
4 8 100
9 7 850
10 5 1000
10 7 650
9 12 300
6 8 300
5 7 900
5 2 550
11 9 800
10 12 500
8 6 100
7 1 250
3 4 650
4 8 200
9 8 800
3 6 100
8 3 550
12 10 700
5 5 500
18 10 950
6 7 350
7 11 400
5 7 350
6 7 200
5 5 900
5 8 600
7 10 900
6 8 200
2 6 600
9 3 1000
9 8 300
10 7 300
7 5 800
7 6 350
15 10 450
10 7 400
4 5 250
7 7 700
14 8 200
8 7 650
9 7 100
10 12 350
9 6 850
8 3 900
7 11 550
12 9 450
4 4 550
4 5 150
8 8 650
8 4 300
8 7 850
6 4 400
9 10 450
7 6 150
8 7 500
9 7 450
3 6 850
6 5 950
7 7 1000
8 10 650
14 8 450
14 14 200
6 7 100
7 4 150
8 11 250
7 12 250
4 5 200
8 3 100
10 9 400
7 5 550
6 13 1000
7 9 650
12 9 250
8 10 550
4 3 650
13 5 750
12 8 200
7 3 650
7 4 400
11 13 750
11 6 450
8 8 350
10 6 550
9 9 950
16 5 550
4 7 1000
10 11 550
7 11 800
9 7 450
11 7 800
8 6 300
7 7 550
9 7 900
10 8 100
8 15 450
6 5 200
9 14 500
4 5 250
6 7 700
10 7 750
7 8 900
8 6 600
9 4 150
10 11 800
13 11 250
4 6 900
4 5 300
5 5 650
9 6 350
2 7 700
12 12 500
4 2 450
9 12 250
6 8 950
9 13 850
6 11 350
8 13 950
11 11 850
7 6 900
7 13 750
10 10 800
4 3 900
12 5 150
8 6 150
9 7 150
7 8 750
9 3 400
10 9 1000
10 15 300
7 12 600
5 6 650
7 5 250
7 8 550
9 10 550
3 3 100
6 9 800
10 14 1000
4 10 250
6 11 400
6 4 350
10 7 650
7 10 750
7 11 800
8 14 700
9 9 150
4 5 650
9 7 900
11 12 500
9 6 250
13 10 350
8 11 250
4 6 450
4 5 200
6 9 100
5 6 750
6 7 250
8 12 700
9 3 500
8 5 650
4 6 400
4 9 900
7 6 950
5 10 900
7 8 550
6 8 350
7 12 450
8 10 150
11 8 900
11 5 650
6 5 100
6 10 250
9 12 1000
10 11 150
15 6 950
8 11 650
3 7 550
11 8 700
10 11 450
5 7 450
8 3 1000
8 8 550
9 7 850
7 7 1000
8 5 450
4 5 950
6 6 450
10 12 600
9 2 400
10 11 700
5 7 550
5 8 250
4 5 550
7 5 850
32 43 650
11 30 100
14 44 950
45 38 650
44 7 150
16 23 450
41 36 550
28 13 300
36 36 800
38 18 100
42 2 800
4 39 750
44 15 200
23 16 800
34 18 850
8 45 250
27 29 1000
38 10 500
47 4 550
8 40 650
17 40 300
31 10 850
5 17 100
33 3 950
29 33 950
3 14 100
47 7 700
16 19 850
42 34 650
31 42 450
32 28 500
37 48 750
36 29 700
13 19 850
32 45 800
42 36 350
41 2 550
39 9 600
10 16 1000
42 13 950
33 9 950
45 29 700
25 30 350
43 17 600
31 9 300
23 41 750
15 4 750
40 24 550
28 32 100
9 2 700
50 20 400
49 36 600
16 11 450
37 19 700
12 24 100
15 21 550
