2000 2000
5 10
4 8
1 9
3 7
5 4
8 10
2 7
10 9
2 1
10 10
3 7
9 8
10 1
9 2
8 8
8 2
1 10
5 6
1 6
4 6
4 2
9 2
2 8
9 2
7 4
5 3
3 5
7 6
1 4
8 1
8 6
9 10
4 7
6 10
1 6
5 9
8 5
10 9
2 5
2 8
5 6
10 1
2 3
10 1
10 5
6 1
10 6
9 6
2 6
1 4
2 2
5 8
10 1
5 4
9 10
2 1
1 9
9 7
6 4
8 10
6 5
5 10
6 10
6 8
7 10
6 1
10 7
5 7
8 3
6 1
1 4
8 7
1 3
2 5
7 1
6 8
3 8
3 10
7 9
3 4
9 10
2 1
1 9
10 1
6 6
3 2
2 1
9 9
3 6
5 1
3 6
9 3
2 4
4 3
7 2
1 8
3 5
8 1
7 1
9 2
3 6
6 5
8 2
3 9
7 4
5 9
10 5
2 7
8 5
6 3
5 7
4 10
10 6
4 3
7 4
8 3
2 10
3 4
6 10
8 7
5 4
3 8
3 2
9 5
1 7
7 2
3 7
7 7
4 10
3 1
1 2
4 4
5 7
3 2
9 2
6 9
2 7
2 7
7 8
9 2
4 4
6 9
6 1
9 2
9 3
2 3
7 10
4 9
6 2
10 5
9 6
5 1
4 1
5 7
7 5
7 5
8 7
2 8
4 3
10 7
6 7
2 7
3 6
6 4
5 8
1 1
1 3
2 5
10 1
10 4
4 10
1 8
6 10
7 8
1 4
9 4
10 3
8 9
7 6
1 3
3 2
2 6
8 6
6 10
8 3
4 10
1 7
6 8
5 10
7 9
10 6
9 10
2 2
2 4
4 3
8 5
5 8
3 6
4 7
3 1
9 4
5 5
3 3
2 7
8 3
4 3
3 1
4 7
3 4
6 4
3 10
9 8
2 5
10 6
6 4
10 9
6 3
3 8
4 7
6 1
3 3
4 5
7 3
8 8
1 9
8 10
3 6
9 4
10 9
9 5
7 8
5 8
1 3
4 6
1 10
1 1
10 8
3 5
5 8
8 1
9 9
3 1
6 10
8 8
1 1
3 2
8 10
2 7
8 8
7 8
2 3
5 8
5 6
8 3
7 8
4 3
3 1
10 7
7 10
5 4
9 8
8 9
6 7
10 5
1 6
10 8
5 5
1 7
10 4
10 8
7 6
5 5
1 1
9 4
6 2
6 8
9 6
1 8
9 6
8 9
6 7
2 7
9 1
5 1
9 4
1 2
10 1
4 9
1 10
5 7
6 10
5 5
2 3
6 10
7 2
10 1
8 7
7 1
7 9
7 3
7 7
4 3
1 7
1 5
1 2
1 1
7 2
9 8
8 10
8 3
8 5
7 4
5 6
8 3
10 1
1 3
5 3
2 5
1 9
5 3
8 8
10 5
6 5
8 4
6 1
3 10
7 10
3 5
8 8
7 1
8 6
2 3
1 9
10 2
6 7
4 4
1 7
2 3
8 4
4 6
4 7
1 9
4 5
10 5
7 2
3 3
3 2
5 8
6 3
5 10
5 9
4 6
10 10
8 6
5 4
10 8
2 4
6 7
2 2
1 3
5 5
2 6
2 10
5 6
9 7
2 5
3 8
1 3
9 7
4 10
9 1
9 10
1 2
3 7
6 8
2 3
9 2
5 3
3 5
6 10
2 1
4 3
7 10
9 8
3 1
3 9
3 5
1 8
8 8
8 9
5 8
10 3
6 10
7 6
6 2
10 4
9 10
4 5
4 8
6 9
3 4
3 2
10 2
2 6
4 10
1 10
6 4
2 10
3 3
7 7
4 8
7 7
7 3
6 4
10 10
10 9
10 6
9 9
2 10
5 4
5 8
10 1
8 4
9 5
5 7
10 3
6 1
10 7
9 8
9 4
2 4
6 2
1 8
9 4
7 9
1 1
5 4
4 9
4 4
8 8
3 5
9 3
7 6
4 4
8 8
9 10
3 3
10 3
9 3
3 9
5 5
9 10
8 2
8 3
6 10
7 2
9 9
5 10
1 5
4 10
10 6
10 2
9 4
6 7
2 5
9 5
5 9
6 10
7 6
6 6
10 3
5 3
8 6
5 5
8 9
5 1
8 5
2 8
4 4
6 8
8 10
10 1
3 6
3 7
8 8
2 4
9 1
10 8
3 5
9 9
5 2
10 7
5 5
4 4
9 6
5 2
9 4
4 6
5 2
8 5
10 10
5 1
5 5
2 3
3 4
6 3
6 6
8 9
9 2
3 9
6 4
6 9
10 2
10 4
6 4
10 9
7 5
2 6
4 10
10 6
8 8
4 7
3 2
5 5
5 1
1 2
1 3
8 4
1 4
10 4
6 7
3 2
10 9
3 2
4 4
9 1
1 4
1 2
9 4
3 5
5 1
4 7
6 2
5 3
2 4
5 4
6 7
7 4
9 6
2 4
5 1
1 6
7 1
3 9
8 6
3 10
3 6
8 4
6 1
7 3
1 5
10 5
8 6
2 6
10 2
6 6
8 10
2 2
10 1
9 9
3 10
10 9
7 5
7 7
3 9
6 7
2 5
1 7
10 4
2 8
9 9
7 5
3 2
3 9
9 1
4 1
3 9
5 4
4 10
10 3
8 5
10 10
1 1
9 4
9 3
6 8
7 9
9 1
4 1
4 7
8 7
4 10
8 4
3 5
6 6
6 6
9 3
3 4
1 2
4 10
6 1
9 4
5 8
10 10
2 5
2 5
7 5
6 2
8 7
2 2
8 3
10 9
7 10
10 8
10 8
6 2
9 3
5 8
7 6
5 1
3 2
5 6
10 2
3 2
5 1
5 1
7 2
2 1
4 7
2 9
4 8
9 4
4 6
5 9
2 3
5 4
6 6
1 7
5 3
2 9
10 3
7 6
6 3
1 4
6 4
10 5
10 5
8 9
3 5
4 10
9 6
8 2
2 5
6 7
10 5
3 9
1 7
1 1
9 7
1 6
1 9
10 7
6 7
7 2
3 9
3 2
4 8
9 3
8 7
2 9
9 7
9 2
8 8
5 4
1 9
3 3
3 5
3 2
9 9
10 10
5 10
6 10
2 1
1 9
3 7
3 9
7 4
9 9
2 6
8 8
9 3
8 9
7 1
9 6
10 10
6 5
1 2
2 9
5 8
6 9
6 9
3 2
7 9
3 9
4 1
10 2
5 5
7 6
3 10
5 10
6 7
8 9
9 6
9 3
4 9
6 10
8 7
10 5
6 5
4 9
8 7
7 8
3 6
7 2
4 2
9 5
2 9
1 10
3 10
4 2
4 4
10 3
6 10
5 10
6 4
4 5
4 1
9 5
4 2
7 7
8 3
5 7
2 9
10 10
6 2
8 8
1 1
5 1
10 9
6 10
2 3
8 6
8 1
10 1
2 3
2 2
4 3
3 9
1 2
2 8
1 5
5 1
9 6
6 1
7 3
5 2
5 7
6 7
4 9
8 5
8 9
9 9
10 8
4 4
5 3
8 5
7 8
3 5
3 4
6 2
9 4
1 1
5 8
6 3
9 5
7 3
6 9
2 6
10 5
4 4
8 5
7 6
8 5
6 5
5 3
10 6
10 3
1 4
6 9
5 4
5 1
2 1
9 8
6 9
7 4
3 4
8 10
10 6
5 9
1 2
7 2
2 8
3 7
4 3
7 6
4 9
8 5
4 1
8 8
1 1
3 1
3 8
6 9
7 5
1 9
10 1
7 8
7 4
7 7
2 2
5 4
4 2
2 8
3 8
7 4
10 1
8 4
8 4
8 9
3 1
9 10
4 8
3 9
2 9
4 2
9 9
4 7
6 4
4 6
3 6
2 9
4 2
3 10
7 4
6 10
4 5
3 3
3 6
2 8
7 2
2 1
3 6
7 8
10 5
3 6
6 5
8 5
1 8
5 5
2 6
9 6
1 10
4 1
8 8
10 9
6 8
2 6
7 1
2 4
2 10
8 4
10 4
6 9
10 10
9 4
1 6
6 3
1 8
2 8
10 3
5 8
6 6
6 3
1 5
7 2
3 5
5 6
7 10
2 8
7 6
9 3
4 9
5 4
3 4
8 5
6 7
10 7
3 1
2 1
7 5
8 3
5 6
10 4
5 10
8 9
5 6
6 7
6 1
7 5
4 2
10 9
10 6
10 8
1 8
6 9
1 2
6 2
1 2
10 4
5 8
7 5
8 2
10 9
5 6
7 1
8 8
10 10
5 1
2 4
8 3
8 10
6 2
5 2
10 9
10 8
6 1
10 5
10 3
2 9
7 10
1 1
9 6
1 1
5 6
4 3
3 4
2 2
5 7
7 7
7 6
5 8
5 8
3 8
10 3
2 3
8 9
5 7
3 10
3 1
5 8
8 7
6 10
2 9
5 5
2 10
8 5
9 8
5 10
6 9
2 10
2 6
9 4
7 8
9 9
6 6
9 2
3 8
5 6
4 9
6 10
6 5
1 4
2 1
9 6
10 5
6 6
3 9
9 10
5 8
3 5
7 10
7 9
10 5
2 6
3 3
7 9
9 5
7 4
6 7
9 3
8 5
4 10
7 6
7 6
1 1
3 4
4 4
4 5
1 7
9 6
6 1
7 6
4 3
10 1
6 7
2 8
7 1
1 2
4 5
3 4
4 9
10 7
8 4
10 10
2 4
3 7
4 3
5 8
8 8
8 10
6 6
10 8
3 3
8 6
10 8
5 3
3 10
8 1
5 1
5 3
1 4
5 8
1 8
5 3
9 7
10 3
1 2
7 4
8 3
5 9
9 9
10 2
1 3
7 3
2 1
9 3
7 1
1 4
1 2
10 3
7 4
10 2
9 1
6 4
10 5
2 8
4 9
9 3
1 3
10 6
4 3
2 1
1 2
2 4
6 3
8 1
8 3
5 5
6 2
1 2
5 8
3 1
3 9
5 3
7 7
5 9
5 10
8 1
7 7
3 8
10 1
4 9
4 4
5 7
10 4
10 4
4 7
5 9
8 8
9 3
9 1
4 6
4 1
8 7
6 1
2 5
8 3
4 7
3 7
1 4
5 3
5 4
4 9
5 8
3 7
1 5
6 5
10 9
10 7
8 2
6 1
1 9
9 2
10 8
10 10
2 8
2 4
4 4
10 2
7 2
9 7
6 9
10 9
6 9
7 8
10 3
1 5
1 8
9 8
10 8
2 10
5 3
2 8
8 5
4 3
6 7
3 2
4 6
5 2
7 10
9 6
7 9
2 7
3 2
8 4
9 8
10 8
10 10
5 10
3 10
9 3
8 5
2 9
3 5
8 4
5 9
2 1
1 3
10 7
5 7
4 2
2 5
2 2
4 10
4 7
10 8
10 7
10 3
7 2
1 10
9 6
2 1
7 4
2 1
4 10
6 10
10 4
10 9
7 4
3 5
4 9
4 2
5 3
5 3
9 6
6 1
9 8
4 5
6 2
2 8
8 4
1 5
5 4
10 4
10 9
5 2
10 7
6 2
2 7
7 5
3 9
6 6
3 7
9 1
4 7
3 1
6 1
3 9
8 6
8 4
9 8
4 4
3 4
10 5
1 3
6 2
3 10
5 6
4 2
5 4
10 9
9 8
7 10
10 4
10 6
4 7
4 3
10 1
2 8
2 4
5 3
3 3
5 5
1 6
10 10
1 1
5 6
4 9
4 9
6 2
8 5
4 4
6 10
10 10
9 8
3 8
7 5
8 8
9 3
7 4
10 6
1 5
1 3
8 3
1 10
4 9
5 10
9 2
8 10
9 10
9 4
7 9
9 7
6 9
10 4
5 6
1 5
3 4
3 10
1 1
7 2
2 3
7 8
5 5
7 7
4 9
4 9
10 8
8 7
8 8
8 6
5 5
9 5
4 10
5 10
6 8
3 7
3 3
5 8
10 2
2 2
5 7
7 8
9 5
2 7
10 5
8 9
9 3
2 10
9 9
9 10
3 2
8 9
4 4
10 6
8 2
4 7
1 8
6 1
9 6
6 6
3 8
2 8
6 8
10 4
4 10
8 8
6 6
9 1
1 1
8 4
1 5
9 2
10 5
7 10
7 3
4 7
10 10
8 10
2 2
9 4
2 7
7 3
4 1
9 10
9 9
7 2
7 8
3 3
5 7
4 10
3 6
2 5
9 6
5 6
7 5
2 4
9 7
4 6
8 6
6 10
9 8
7 10
7 7
3 2
8 7
5 9
6 5
2 8
9 4
4 4
9 1
9 6
8 6
8 10
6 1
3 2
5 6
7 5
4 8
9 7
9 9
8 4
1 4
7 1
2 4
4 1
3 2
2 10
4 6
4 6
1 6
8 3
3 10
1 6
9 4
6 9
4 8
5 5
6 9
3 2
2 1
6 9
10 5
4 1
7 8
9 7
7 4
9 10
5 2
5 4
9 5
4 5
8 7
10 10
6 4
8 7
9 8
5 3
6 8
5 3
5 2
10 1
7 4
2 2
2 5
8 1
7 1
3 3
8 9
6 6
1 7
8 1
1 9
4 1
5 6
10 4
7 9
7 9
1 5
3 7
9 7
6 8
10 8
4 1
4 8
5 4
7 3
2 8
4 10
4 4
7 8
7 10
3 4
7 5
10 5
9 1
9 3
10 3
1 2
4 5
1 2
3 7
10 2
6 5
10 3
6 10
10 10
8 4
7 10
7 2
5 8
5 7
8 4
7 10
9 2
8 6
2 9
10 3
1 8
2 2
7 1
4 9
1 8
6 5
10 3
10 9
9 3
5 3
6 10
9 7
7 5
7 8
7 9
2 3
7 3
3 4
7 4
5 4
9 7
4 2
7 5
10 4
2 10
1 7
8 9
4 2
2 3
9 6
3 10
8 3
5 7
6 6
1 8
7 4
2 10
3 4
8 9
3 7
5 5
9 10
4 2
1 6
1 9
8 10
9 5
1 2
7 1
9 7
6 1
9 4
6 1
8 10
5 8
6 9
6 1
1 4
5 3
4 6
4 3
8 4
3 1
3 6
1 9
1 7
4 6
6 1
9 4
4 2
9 8
7 7
2 9
10 5
3 6
7 3
5 4
6 7
6 5
7 4
4 1
10 2
7 5
2 4
9 7
10 4
3 9
8 9
8 9
2 2
8 6
4 3
2 3
7 9
7 8
1 1
4 3
8 9
5 10
10 10
3 3
9 7
4 3
9 5
6 5
5 2
2 8
2 7
7 1
3 9
5 1
5 4
10 10
5 8
1 4
8 1
9 5
7 6
8 1
4 6
7 6
3 1
1 6
10 10
4 5
1 1
6 3
8 4
4 8
5 7
10 3
10 1
9 1
5 2
4 6
5 10
5 5
4 4
8 6
1 9
8 8
5 5
5 8
4 3
7 4
2 6
9 4
8 5
3 2
9 10
4 5
8 9
6 3
8 5
2 3
7 10
5 7
8 5
1 3
1 8
6 4
5 10
2 5
1 4
4 5
9 5
8 9
6 6
2 4
6 9
7 4
9 5
1 6
2 3
1 9
6 10
8 10
4 8
3 10
1 4
6 9
9 8
9 9
5 1
7 3
3 5
1 2
6 1
9 9
1 2
1 8
7 4
1 4
7 4
2 4
10 1
4 1
6 6
9 7
8 2
1 10
6 10
3 6
1 6
4 3
8 4
1 7
7 5
6 2
2 6
8 3
8 6
4 1
9 5
3 9
4 2
2 3
9 8
5 1
8 3
5 6
2 6
4 8
9 3
1 3
1 10
2 2
1 4
2 1
5 5
1 5
7 3
1 1
1 3
10 8
8 1
9 4
8 5
8 8
8 1
3 9
4 3
10 9
10 1
9 8
5 4
7 8
3 5
4 10
8 9
6 6
3 10
4 5
2 2
3 4
10 2
5 9
1 7
4 8
6 7
1 10
8 6
8 4
4 9
1 8
9 10
9 7
10 7
5 8
9 1
4 3
1 7
5 1
2 2
8 2
3 1
6 10
9 10
8 3
7 7
9 4
8 1
1 3
10 6
4 2
8 8
5 10
2 8
1 8
4 4
10 8
10 2
3 2
5 3
5 9
1 10
2 6
2 4
6 5
4 7
4 6
10 6
8 6
4 6
7 5
5 1
3 5
4 1
3 4
1 6
6 5
2 10
10 8
6 4
3 6
3 5
9 10
3 4
7 7
5 6
5 7
2 9
8 8
4 3
6 1
8 9
7 3
8 1
6 7
10 10
7 1
2 7
7 9
10 1
7 9
10 4
5 4
4 6
10 7
6 8
3 8
8 4
3 4
1 1
4 5
5 9
1 4
4 7
1 10
3 9
4 9
5 2
9 8
1 4
2 3
6 3
6 10
7 6
10 3
1 9
5 2
6 3
2 10
1 1
2 4
6 3
10 6
5 10
2 4
2 5
7 2
6 9
7 6
3 10
10 6
3 1
1 7
4 3
8 2
8 9
2 7
9 8
7 7
5 2
7 8
8 6
8 2
4 1
1 2
3 10
7 7
7 6
3 10
5 6
3 3
4 1
1 10
1 4
10 10
1 3
7 7
7 1
5 6
1 4
3 10
5 6
6 10
2 6
4 7
10 6
5 3
7 4
10 7
9 10
2 9
1 10
1 2
9 4
10 9
6 2
3 9
3 2
9 4
5 3
2 8
1 2
2 7
9 7
5 2
7 10
10 7
2 5
7 4
10 9
6 5
9 9
7 2
3 10
4 9
9 7
4 2
3 3
4 8
6 5
6 7
8 6
2 6
9 3
4 10
7 8
1 2
6 7
9 9
9 1
6 7
7 3
4 8
1 5
9 10
4 2
3 2
10 3
3 10
1 10
9 5
6 6
7 7
8 4
2 1
2 2
10 3
8 4
10 10
2 5
7 5
8 10
7 3
1 10
5 10
5 10
9 3
7 1
2 7
4 1
1 7
5 6
3 4
4 2
7 8
7 10
8 4
5 8
1 5
6 3
5 3
3 7
4 1
9 9
9 6
9 7
2 2
10 12 60
18 10 90
12 19 58
20 17 63
13 13 66
20 19 83
20 19 57
16 16 51
19 13 60
10 15 62
16 14 86
13 18 73
16 11 87
14 19 84
15 19 92
12 19 90
20 16 97
18 20 84
19 18 53
13 16 83
16 14 98
20 15 62
11 18 69
11 18 81
14 20 97
15 20 74
12 11 58
14 10 95
12 14 68
19 19 53
20 13 95
11 19 59
10 15 74
15 11 100
17 11 95
12 20 88
14 13 89
13 13 53
14 16 70
13 13 88
17 20 56
12 15 54
14 15 53
14 13 71
19 13 57
18 13 96
19 15 95
12 13 100
16 17 81
11 17 75
15 18 63
15 16 88
14 11 69
14 16 87
18 11 51
18 18 98
16 19 57
17 12 78
13 18 52
17 19 77
14 17 62
20 11 93
17 14 97
13 20 89
13 11 63
15 12 90
12 12 83
19 14 98
11 17 58
17 16 56
18 18 90
10 18 65
17 10 53
16 20 96
16 10 83
10 10 80
15 15 68
17 11 56
12 13 53
20 15 53
10 14 73
18 16 62
15 15 92
14 18 51
15 15 52
17 20 94
15 13 100
12 12 59
17 17 93
18 10 57
16 13 93
14 10 60
16 11 77
10 11 56
20 19 85
18 12 91
10 10 72
17 15 63
10 15 97
13 15 56
19 17 99
16 18 63
18 10 94
20 16 65
13 15 86
16 12 71
20 13 57
16 17 66
13 14 91
14 20 91
11 19 54
12 13 100
12 19 65
18 16 75
12 17 69
10 14 62
17 19 89
19 14 50
12 11 66
20 10 61
20 17 77
11 13 60
19 15 58
17 19 50
17 10 70
16 16 78
20 20 54
15 15 84
13 14 72
20 16 61
13 15 78
11 16 84
14 11 75
12 18 89
15 10 69
18 12 61
20 16 75
19 16 53
15 12 97
14 18 52
13 13 54
20 19 88
10 15 65
12 20 65
12 14 96
10 15 66
14 10 76
10 12 58
17 15 76
12 16 94
17 10 91
14 14 82
12 17 56
19 10 63
18 18 53
15 15 87
19 15 66
17 14 75
13 16 99
17 20 59
14 11 96
16 10 61
20 13 95
16 20 51
16 14 68
12 16 60
16 14 52
13 17 54
15 14 57
15 19 79
15 13 96
10 14 96
12 16 72
13 10 84
15 10 66
11 14 56
14 18 71
11 10 55
20 19 92
10 17 63
11 20 82
14 17 77
17 12 76
19 15 59
13 13 65
15 14 83
11 15 77
10 19 57
18 17 53
20 11 97
16 15 51
18 18 54
14 17 74
14 11 56
13 19 87
18 12 91
19 12 63
15 13 83
11 17 64
16 11 90
14 19 73
16 15 63
12 10 56
16 14 86
20 19 74
11 20 88
13 17 77
15 12 55
18 20 92
10 15 80
15 13 53
11 12 73
19 13 58
11 20 87
10 17 87
16 20 88
17 15 57
15 20 64
20 16 74
11 18 71
13 12 71
17 20 94
13 19 95
16 17 86
15 15 97
16 10 65
15 13 85
18 20 67
14 12 61
20 20 81
15 16 76
12 11 55
19 20 83
12 10 67
10 10 53
19 10 82
15 14 58
20 14 95
17 15 74
15 20 62
14 17 51
11 19 50
20 18 97
19 10 83
15 17 100
14 12 69
19 13 99
18 13 56
20 16 71
11 15 98
18 14 70
19 11 51
14 11 80
14 19 60
14 10 82
16 15 94
11 15 86
17 15 76
17 13 100
12 19 67
17 13 75
10 10 92
13 14 70
19 16 66
10 12 99
18 10 85
18 15 64
16 17 82
13 11 72
12 13 88
15 10 96
11 19 72
11 16 89
12 14 65
15 12 54
10 16 82
13 20 73
19 10 55
18 20 94
14 17 84
18 12 65
12 19 96
17 17 81
19 14 66
14 12 85
11 10 52
18 15 100
14 20 55
19 14 61
14 13 68
13 15 86
19 18 76
12 16 67
20 18 52
19 18 82
13 17 57
15 12 91
12 17 52
20 19 70
11 14 51
19 20 73
18 11 65
11 20 82
14 19 73
17 10 94
18 17 77
14 14 50
17 13 87
15 16 83
17 14 85
12 17 91
17 20 83
14 17 57
14 12 73
12 16 61
10 20 50
10 13 80
15 12 76
20 13 53
19 15 80
16 11 51
18 12 71
19 17 54
16 10 83
18 11 60
10 13 81
20 12 54
16 17 75
10 16 75
12 20 79
10 11 86
15 13 60
18 19 54
11 10 86
11 14 95
16 10 55
13 10 78
19 18 56
11 20 55
16 14 89
12 10 92
14 14 79
14 17 59
17 15 61
19 20 98
10 15 98
12 11 77
17 14 61
16 15 84
18 10 63
14 14 55
13 15 66
19 14 83
10 19 98
14 16 73
13 16 78
16 20 52
15 16 54
18 15 97
11 17 96
12 15 70
10 18 68
18 18 86
12 19 72
20 10 84
14 12 63
11 16 59
19 16 79
15 16 74
17 16 92
16 11 95
19 20 68
11 17 70
13 19 99
13 12 59
17 14 55
15 16 84
17 12 74
10 18 56
13 20 97
14 20 74
18 13 68
12 11 66
17 18 75
15 17 76
11 14 68
13 12 87
10 13 98
15 15 97
20 12 59
11 17 54
10 11 74
12 11 90
13 17 75
15 14 85
14 14 69
19 15 64
17 12 61
10 10 75
17 13 60
11 19 90
12 19 81
14 12 99
10 11 95
19 10 94
16 14 94
15 19 100
14 11 68
13 17 94
16 10 80
12 13 97
14 12 84
10 13 85
11 18 62
14 18 87
12 10 69
10 19 84
20 14 79
14 10 59
18 13 94
13 17 59
14 13 100
15 16 71
16 11 72
17 10 62
15 12 57
10 12 53
15 19 80
18 13 74
14 14 77
10 17 88
10 20 67
10 16 61
13 18 94
18 13 76
11 12 66
15 14 56
18 17 85
19 17 67
13 15 81
19 20 74
18 19 87
20 15 83
11 15 85
15 17 94
16 19 79
18 20 85
13 18 80
10 15 71
20 11 75
14 19 88
18 17 59
17 18 69
10 18 92
11 10 99
14 14 90
19 13 86
13 20 95
12 11 91
10 14 63
12 16 98
13 17 62
13 10 84
14 19 59
13 18 51
14 19 52
15 20 71
19 11 99
11 14 84
16 17 84
14 10 75
11 11 61
15 20 58
18 11 61
15 11 53
18 14 96
12 14 64
20 15 77
13 11 81
19 20 94
16 19 94
17 15 81
16 16 54
17 20 100
20 17 54
18 18 73
11 14 89
20 17 62
17 20 69
20 11 61
17 18 75
16 11 76
18 11 62
14 10 99
10 16 86
12 10 78
16 19 54
15 10 95
13 16 74
17 20 89
18 13 69
15 11 53
20 16 88
10 18 79
19 14 76
20 18 83
17 20 96
18 13 93
17 13 66
18 20 55
14 16 95
11 11 91
11 15 70
11 16 73
19 20 54
17 14 95
20 13 74
19 13 92
13 10 67
12 11 85
12 13 79
12 19 78
16 20 62
14 10 98
14 18 60
18 10 98
18 14 83
17 12 71
16 15 99
14 11 58
13 14 68
20 14 79
17 14 89
16 17 78
14 16 61
12 16 78
17 11 90
13 12 60
10 18 98
13 13 69
13 13 51
20 12 69
10 17 90
17 18 88
19 13 87
19 11 63
17 16 100
19 17 57
12 13 51
11 17 62
12 19 55
14 20 90
17 14 87
20 17 62
13 19 88
15 13 98
14 18 54
11 11 86
10 14 100
10 16 56
19 10 92
12 17 67
12 17 94
10 20 76
17 12 90
15 11 89
18 18 75
10 11 96
16 17 52
15 13 93
20 16 82
17 12 52
18 20 75
12 17 66
17 19 80
20 14 50
20 18 59
11 11 74
16 13 96
19 11 59
15 17 65
14 20 80
18 19 73
19 14 80
11 14 64
18 13 88
15 12 88
20 20 89
17 11 51
11 12 98
11 18 91
18 16 99
17 17 100
11 19 54
16 16 95
14 14 75
15 14 67
13 17 80
13 10 88
13 11 68
12 20 84
19 12 60
17 16 59
12 10 77
16 15 92
15 13 84
14 18 70
16 12 62
11 19 80
19 12 60
19 17 57
15 18 97
19 14 54
17 15 83
14 19 89
15 20 92
19 19 63
20 12 61
11 11 59
17 11 80
19 15 68
13 17 89
19 15 63
16 18 81
14 17 69
17 13 55
12 19 81
13 19 55
18 20 59
17 18 53
11 16 71
18 13 50
11 15 70
16 19 57
13 10 64
20 17 59
12 14 69
15 19 99
13 18 63
12 18 52
17 10 96
12 13 85
18 15 97
20 20 63
14 17 83
15 11 96
20 17 92
19 20 94
13 18 66
15 15 63
11 15 76
15 15 56
10 10 78
16 14 57
14 18 56
18 18 65
16 14 62
10 19 66
12 16 98
14 15 52
16 17 85
15 10 98
17 15 76
16 17 97
20 20 71
18 16 95
11 15 85
11 20 95
20 18 65
13 19 73
12 17 85
10 15 93
17 12 96
11 20 71
16 10 75
10 11 97
18 11 77
13 18 76
17 17 63
16 20 82
11 16 74
17 19 77
12 17 63
19 10 90
13 19 92
14 11 79
19 10 97
16 16 65
15 17 57
20 13 100
16 20 96
18 10 83
11 12 79
12 18 77
12 16 96
17 12 97
14 17 67
19 14 81
17 14 97
19 19 94
20 15 79
17 11 82
19 10 53
16 18 69
19 12 98
18 20 50
15 12 71
17 15 54
12 18 79
11 10 74
10 19 90
16 11 75
20 10 87
10 12 63
10 17 71
16 18 85
10 13 50
16 18 59
18 18 61
20 12 91
13 17 61
20 18 61
19 20 79
18 19 92
17 14 77
15 13 86
17 19 65
18 12 69
10 13 76
18 11 77
17 16 82
19 15 71
20 10 72
16 15 71
17 14 56
16 15 68
19 11 70
20 18 94
10 20 60
19 11 65
15 11 86
17 20 70
12 15 70
18 13 57
14 10 63
12 20 88
12 17 61
15 16 68
18 10 71
15 18 90
15 17 84
12 11 71
19 11 90
17 18 85
13 17 95
11 18 93
18 18 87
18 14 80
13 12 98
12 10 79
11 20 87
18 16 58
10 13 50
20 15 69
17 16 99
18 12 54
13 16 70
15 17 64
14 11 99
16 11 68
16 13 80
14 10 99
14 15 100
19 10 73
11 17 92
13 11 75
20 18 84
19 10 68
13 20 82
18 18 68
16 16 79
14 14 69
11 18 67
17 14 80
12 20 59
18 12 92
20 14 93
13 15 92
20 19 82
17 15 86
11 13 100
15 20 73
18 19 100
20 19 81
14 20 50
15 16 86
19 18 85
14 16 66
18 20 56
12 13 100
17 19 98
18 15 80
14 10 53
14 15 72
15 13 88
20 14 90
12 14 54
10 17 77
15 16 98
15 17 86
20 20 86
20 16 62
20 17 55
10 10 59
15 12 53
12 16 96
16 10 64
16 20 85
19 19 77
13 17 97
18 16 81
12 20 52
13 12 63
13 12 100
14 19 59
12 16 100
17 15 68
13 12 69
17 11 98
20 15 79
19 18 54
11 12 82
20 20 62
10 12 57
13 16 100
10 12 60
19 16 85
13 13 73
11 10 66
15 15 82
11 18 77
17 15 77
16 14 75
19 15 56
13 11 80
12 20 87
17 19 78
13 12 93
10 20 97
19 16 71
10 12 95
14 17 53
17 20 58
14 19 69
20 18 78
14 20 90
14 13 82
10 16 75
13 19 58
17 15 97
16 10 98
12 19 67
20 14 73
17 19 53
10 18 55
15 20 65
14 10 95
18 19 79
18 12 55
12 17 78
16 17 58
11 15 63
17 20 93
16 12 78
11 12 99
20 10 75
19 13 53
15 19 56
16 11 69
11 15 72
11 14 84
13 14 56
20 16 55
11 12 71
13 15 87
19 13 94
14 11 79
14 19 65
19 13 54
10 12 82
12 19 99
12 19 63
17 18 92
13 18 95
11 13 78
14 18 83
14 19 59
13 14 96
17 12 64
14 14 65
17 15 54
14 14 61
14 14 56
14 15 97
20 18 99
18 14 50
19 20 53
18 16 72
11 18 85
18 20 67
18 12 61
13 18 95
16 14 64
13 19 92
13 19 54
16 17 62
14 20 59
16 18 77
11 18 78
10 10 74
14 18 82
19 11 75
19 12 82
13 11 50
19 13 94
15 17 78
19 11 90
18 19 82
10 11 63
12 16 68
15 10 58
10 10 70
12 20 53
10 12 64
12 17 75
15 15 81
20 15 50
12 16 73
15 15 85
18 13 53
19 20 99
15 14 73
16 16 57
12 19 50
10 12 69
13 18 59
20 20 69
16 15 91
19 17 94
17 10 50
15 11 88
18 17 51
13 20 50
10 18 83
13 12 58
16 16 96
17 16 91
11 17 98
19 11 90
17 14 91
16 11 61
12 13 97
15 13 99
20 12 88
14 16 95
12 10 81
14 13 63
18 13 61
14 17 84
18 19 99
12 15 93
12 16 87
17 12 66
18 15 97
14 16 91
20 18 83
20 17 59
12 14 58
11 20 76
15 18 99
18 10 94
18 17 78
19 14 64
13 16 50
13 13 56
13 20 100
17 10 50
17 20 79
17 18 89
11 17 75
20 14 91
19 16 91
14 12 89
14 11 71
12 17 100
15 17 59
13 15 81
14 11 87
14 16 83
16 20 58
12 12 60
15 20 77
19 12 82
14 15 68
13 11 93
15 19 97
18 17 66
18 12 91
14 18 99
17 18 52
13 15 89
12 19 90
11 12 90
12 20 64
13 18 92
14 14 65
10 14 58
12 20 51
15 10 89
13 16 61
20 16 60
16 20 94
12 10 56
12 20 59
15 11 66
16 13 87
11 20 99
14 13 99
10 15 52
19 11 79
12 13 97
14 17 94
13 13 61
20 17 80
17 14 88
20 12 65
12 15 84
18 14 92
10 11 85
19 19 72
13 15 56
13 11 67
10 15 76
11 19 57
11 14 73
11 13 90
13 18 68
19 11 62
12 15 99
18 12 61
14 18 61
13 17 98
12 14 97
16 16 94
18 11 54
10 15 85
11 13 59
14 16 97
20 12 78
20 15 85
14 17 71
15 10 74
16 10 88
10 14 55
16 10 52
15 20 69
20 14 99
15 11 91
17 16 83
13 13 76
13 19 59
19 16 63
20 16 75
20 15 100
17 13 58
15 18 75
12 18 95
13 17 70
20 19 99
10 15 82
20 12 82
20 19 79
17 20 78
11 12 60
20 16 72
15 11 83
15 10 63
12 19 50
12 16 91
10 16 82
10 16 55
14 11 85
13 20 76
16 19 67
18 17 79
15 15 76
15 19 58
15 17 99
11 16 83
11 18 79
11 14 62
16 10 60
16 10 89
13 10 67
12 13 58
12 20 90
17 10 72
11 19 61
18 14 73
19 11 71
14 15 61
16 17 88
11 19 50
14 10 70
20 17 64
17 19 76
10 19 70
14 10 78
16 11 66
15 12 93
10 16 55
18 10 96
20 10 83
20 17 67
17 10 92
10 15 69
18 16 52
14 16 55
14 13 69
17 18 78
11 11 79
10 10 81
12 17 68
12 16 73
17 19 57
20 10 95
10 16 82
16 18 78
17 10 89
12 17 53
18 10 65
10 18 68
14 11 84
18 14 54
17 20 82
10 16 72
13 18 60
18 12 58
17 20 57
20 19 71
10 19 81
14 15 53
14 17 84
14 18 97
12 14 53
19 20 98
18 17 53
20 20 75
17 19 52
16 19 66
18 11 78
14 17 85
10 14 66
18 18 86
20 12 63
20 10 60
11 12 86
15 19 86
20 14 91
18 14 62
17 13 98
10 11 72
16 15 94
14 12 89
13 13 60
15 18 79
18 12 66
17 16 94
10 17 59
10 10 68
12 12 96
12 11 64
20 20 79
15 19 80
10 12 88
20 13 58
16 19 56
17 11 75
19 10 93
18 20 56
13 14 84
17 11 78
18 17 80
15 18 55
12 10 100
11 19 78
15 17 56
15 13 73
12 17 90
12 10 61
19 14 51
12 11 53
16 15 89
17 15 52
13 18 70
14 19 80
12 14 63
15 13 56
10 20 81
18 10 65
11 20 58
13 15 88
19 16 62
15 10 50
20 17 56
11 12 54
14 18 82
18 18 98
19 13 91
16 12 68
12 10 90
19 20 82
10 19 73
10 18 76
15 19 68
13 19 91
19 11 83
12 17 53
18 19 73
14 15 98
17 11 94
15 17 96
20 20 69
14 13 51
12 14 90
16 15 76
12 11 97
18 18 81
14 12 57
16 18 97
18 20 87
17 19 76
20 10 73
10 10 86
14 16 56
16 11 70
15 12 74
20 20 53
20 20 75
10 14 83
13 11 80
17 15 82
11 19 67
10 13 76
19 13 57
20 13 52
20 18 95
12 12 68
10 18 96
15 17 71
14 14 75
11 17 68
17 15 96
15 16 90
18 18 62
19 14 52
15 18 98
11 16 70
17 11 87
13 14 74
15 16 92
11 11 73
14 10 57
13 15 57
11 20 80
14 10 61
20 10 98
11 17 70
10 15 90
10 11 64
11 20 82
16 13 58
14 12 51
15 11 99
10 17 79
13 17 77
14 20 88
12 15 91
11 14 59
16 20 73
17 11 50
19 15 88
20 16 95
14 11 56
20 17 64
11 19 54
11 12 72
15 10 53
17 13 72
17 12 94
20 20 88
13 14 69
20 15 55
14 12 63
13 19 51
18 19 50
13 19 72
10 17 87
16 19 83
10 18 61
18 20 60
14 10 97
12 19 88
14 12 58
12 18 68
20 20 77
14 13 84
18 19 64
10 10 62
14 19 66
20 10 57
11 12 61
17 14 81
13 19 59
14 18 82
10 17 70
12 15 91
13 10 76
12 10 69
10 18 66
16 19 52
18 18 55
11 13 59
14 15 67
16 16 74
18 14 98
12 12 74
16 17 60
19 18 95
16 16 58
18 18 97
18 16 56
13 17 70
13 18 79
10 15 92
14 17 84
13 13 100
15 18 57
13 10 80
18 14 56
11 19 58
12 10 83
12 12 85
11 16 79
15 16 81
12 10 76
14 12 93
14 16 64
17 17 63
16 20 94
14 15 66
11 15 51
16 18 96
20 14 74
10 12 69
14 16 54
13 12 89
18 19 54
18 11 90
20 18 62
12 20 73
15 12 98
14 14 89
20 16 63
12 15 63
13 17 53
15 19 76
11 11 92
15 18 97
17 16 56
18 16 93
12 18 64
12 14 63
19 16 78
13 12 88
14 18 94
20 17 67
16 17 61
13 11 87
10 20 85
17 14 80
17 11 65
11 18 86
18 18 92
19 10 77
11 18 74
20 12 51
18 12 63
17 19 91
13 18 84
19 16 67
13 10 87
11 10 91
14 17 55
10 15 88
17 19 60
18 14 78
17 17 77
12 14 90
18 10 67
11 17 94
11 12 91
18 20 53
11 19 50
13 18 55
19 11 88
10 20 53
17 10 91
12 19 77
19 19 98
13 15 56
18 18 95
13 18 66
14 16 77
15 11 90
17 15 67
10 18 57
18 16 71
14 13 69
10 19 98
10 20 99
19 19 73
14 13 92
12 14 62
16 11 69
15 12 63
16 14 81
14 19 81
13 18 82
19 18 89
15 15 67
19 11 56
13 11 65
20 11 97
14 12 82
10 15 72
17 10 59
10 18 79
19 13 69
16 11 86
12 17 61
13 19 97
13 14 93
17 16 62
15 11 76
11 18 64
16 20 95
13 11 59
20 19 89
15 13 72
10 16 100
11 16 79
16 16 72
18 15 72
18 15 100
13 12 77
17 17 51
15 15 77
19 17 77
12 12 59
14 18 92
10 19 68
16 14 82
10 14 51
13 13 100
11 14 98
18 20 56
16 20 65
19 10 59
14 10 95
14 13 53
10 17 70
19 16 50
12 18 99
18 18 96
13 13 87
11 15 94
20 20 54
12 14 99
10 18 92
20 11 69
19 11 80
11 12 68
10 11 82
19 19 89
13 11 82
13 16 56
14 10 54
17 16 53
11 14 67
20 10 50
20 13 99
13 17 70
20 10 69
13 16 72
16 19 56
17 20 79
13 15 74
20 11 94
18 18 79
15 12 94
10 11 50
13 12 67
15 11 58
17 11 71
18 10 57
15 14 89
13 18 99
10 15 91
13 13 64
19 12 82
19 17 71
20 14 59
13 17 89
14 16 60
13 10 95
12 12 65
17 19 90
15 12 93
14 10 86
17 17 87
20 12 58
14 16 95
19 11 58
12 17 76
12 15 97
18 18 54
16 19 90
16 18 97
18 16 74
17 18 58
18 14 68
17 12 78
11 11 100
16 17 84
19 18 100
13 11 55
18 12 64
12 18 56
11 10 73
20 18 61
11 12 52
18 16 86
19 10 59
14 12 58
12 14 99
11 13 71
16 14 57
15 17 50
16 18 55
15 10 55
18 10 98
20 19 74
15 13 72
12 13 56
11 16 68
18 16 75
10 20 97
11 11 66
13 10 62
17 14 88
10 19 59
15 17 71
18 20 74
15 12 83
19 14 76
19 20 96
11 12 68
20 15 92
19 17 72
20 13 88
10 17 55
19 10 89
15 11 56
20 10 59
14 13 91
16 15 69
12 17 69
12 17 74
17 17 88
20 18 77
14 16 69
15 11 86
19 11 79
18 16 88
13 20 83
12 10 90
18 16 73
18 11 82
16 17 55
15 19 99
19 10 50
15 16 91
13 10 73
14 13 67
11 20 74
15 11 63
12 19 72
19 16 89
16 11 77
13 14 56
16 13 95
12 18 51
16 17 70
20 15 90
17 19 64
11 13 61
13 15 81
14 13 79
14 18 74
15 18 54
13 19 88
16 19 86
17 13 72
11 15 79
18 18 89
13 10 99
10 18 53
11 16 63
19 13 80
11 18 85
10 13 65
16 20 83
16 20 71
12 12 85
10 20 60
10 20 100
14 13 92
19 20 60
13 19 76
14 15 55
11 20 83
19 16 72
13 10 83
10 12 69
20 17 79
16 19 91
13 11 53
13 20 53
19 11 83
18 15 100
17 12 88
11 11 68
15 12 62
10 13 83
19 16 100
12 19 99
14 16 91
15 10 79
12 20 90
19 19 63
13 20 59
16 17 62
11 15 76
14 17 96
19 12 51
10 11 58
11 15 63
15 19 89
20 20 63
11 14 92
10 18 74
16 10 58
20 13 60
16 15 57
14 17 87
18 11 67
15 20 69
17 12 73
16 13 87
13 15 66
13 13 56
18 10 72
13 11 87
16 13 80
16 20 62
10 16 98
16 14 75
17 17 74
12 13 87
15 17 60
11 16 79
13 10 63
10 10 82
19 17 100
20 12 59
10 13 83
17 14 63
14 19 94
10 15 66
18 10 74
16 13 86
12 16 64
15 14 64
15 17 91
19 19 61
19 14 86
11 16 57
16 18 85
19 13 99
16 20 67
10 19 72
18 10 78
18 17 78
13 12 94
20 10 51
13 17 57
10 15 89
14 11 54
13 14 84
11 11 99
20 16 85
16 20 70
13 19 94
13 18 85
10 10 54
10 11 70
13 18 85
18 15 65
18 15 66
16 10 83
14 18 89
15 10 75
16 14 60
13 11 78
10 19 88
16 18 79
20 14 56
15 11 59
15 12 77
16 14 82
16 18 53
12 19 65
10 14 77
19 11 88
14 20 71
12 12 55
19 16 63
11 15 88
13 15 88
19 18 59
17 13 90
19 15 83
19 20 70
20 14 52
20 15 77
19 10 89
20 10 96
11 17 72
15 10 73
13 14 60
11 19 52
11 12 99
12 14 76
13 16 74
15 19 81
20 14 86
20 20 73
14 11 99
15 13 91
17 14 71
19 17 55
16 20 66
20 19 98
16 20 84
13 19 89
16 18 58
18 12 56
20 18 94
20 16 81
16 16 81
10 14 71
19 16 64
18 11 76
20 20 92
12 16 72
18 12 78
19 10 89
17 16 65
20 15 54
11 18 63
17 19 60
18 10 51
14 13 91
10 15 83
13 16 71
18 12 88
20 12 70
16 13 50
17 14 59
18 20 52
19 16 93
18 17 83
11 15 93
19 10 84
13 15 76
10 13 64
19 20 59
18 19 71
13 18 80
14 13 51
10 11 56
20 11 84
11 14 60
18 13 65
10 14 51
15 10 90
15 13 98
17 17 60
20 18 53
18 12 88
18 10 56
10 10 95
19 14 89
15 20 100
16 16 52
14 11 75
16 20 51
17 11 52
10 10 97
18 18 89
17 15 78
17 17 56
16 11 84
10 11 73
12 15 59
10 19 71
10 17 85
20 17 60
18 20 80
19 15 59
17 18 73
19 13 80
11 16 99
15 13 71
20 10 88
17 10 68
16 10 93
19 11 100
18 20 100
18 11 50
16 13 80
13 11 75
10 19 97
16 14 74
12 19 91
16 16 82
17 20 85
16 20 95
18 19 66
20 17 76
11 10 73
10 17 60
16 17 51
13 20 68
15 15 81
14 20 83
17 19 78
15 16 52
19 14 58
13 19 91
19 16 79
17 17 84
17 16 50
12 19 71
19 15 100
17 14 95
20 12 55
11 11 67
16 13 59
10 16 95
10 18 70
16 13 100
14 12 70
13 11 54
19 20 70
19 13 77
14 19 59
17 16 89
17 17 72
16 12 91
16 16 85
10 16 99
10 17 81
16 18 57
12 10 57
13 17 51
13 16 81
20 12 77
13 16 69
18 11 63
11 10 85
12 10 86
12 17 62
17 18 98
19 12 72
19 20 90
13 20 87
14 10 52
10 13 74
10 19 83
15 11 79
20 17 68
13 13 73
10 16 77
20 19 62
12 11 56
11 13 67
18 15 79
20 11 54
11 10 77
10 13 60
13 17 88
11 14 80
17 19 74
18 14 86
20 12 88
13 13 77
13 13 80
17 14 89
12 15 92
12 10 82
12 12 63
13 17 66
10 20 52
19 13 57
14 17 98
13 17 71
18 15 86
12 17 78
14 17 91
19 11 55
20 19 84
17 15 50
20 14 98
13 16 74
14 15 77
19 12 81
18 19 79
15 11 76
20 12 85
20 13 78
18 12 75
17 20 50
12 12 78
13 10 83
20 10 61
18 16 56
19 18 62
11 20 89
15 12 95
13 13 69
17 13 100
18 16 52
18 13 89
20 20 67
20 12 54
16 15 79
16 10 57
15 19 74
13 19 84
17 19 74
11 16 54
19 11 95
12 10 95
11 11 59
13 11 86
16 17 88
15 16 69
17 15 95
19 12 97
10 15 98
16 12 77
20 14 63
11 11 73
20 11 80
15 16 58
15 15 61
14 20 90
15 10 80
12 14 79
18 12 79
18 14 97
11 18 63
19 11 98
19 17 97
11 15 91
16 19 66
18 15 100
16 15 64
