3000 3000
10 9
6 5
1 5
9 9
6 10
6 1
8 9
9 3
2 2
1 9
4 5
8 2
7 2
4 5
7 7
4 9
4 10
7 9
2 1
9 5
2 9
10 3
1 7
10 7
4 6
10 1
5 2
7 1
6 6
5 7
8 1
7 5
4 10
4 6
4 3
10 9
10 5
5 5
8 10
3 2
9 8
1 10
6 5
8 3
8 8
8 8
2 7
5 10
8 9
1 5
7 1
2 4
5 1
9 6
8 9
7 9
8 8
8 3
2 4
3 7
7 10
8 4
5 7
2 10
7 4
9 7
1 7
6 3
10 6
8 10
2 1
9 4
8 1
6 1
8 8
3 1
3 3
4 4
3 8
7 8
6 1
7 5
8 6
2 2
2 4
9 6
4 7
8 5
2 10
2 3
6 9
8 2
10 10
6 2
10 7
1 2
3 3
6 2
8 1
5 2
8 10
7 9
1 8
1 3
1 9
3 6
1 9
2 3
5 7
4 3
6 6
7 4
5 4
10 5
9 8
4 2
3 9
8 7
9 5
7 2
8 6
5 2
3 4
2 7
1 8
8 9
4 4
4 2
5 8
5 3
1 1
7 3
7 1
8 6
7 8
10 3
6 10
10 6
6 2
1 10
4 8
1 9
10 10
8 4
3 7
9 4
5 8
7 2
1 9
3 3
3 6
2 10
2 2
3 6
1 4
5 8
9 4
4 6
2 7
8 8
7 8
6 7
3 1
3 1
7 6
2 8
3 10
2 2
2 8
3 1
1 5
8 5
7 2
4 4
2 3
7 6
5 6
2 5
4 2
1 7
4 1
10 1
5 6
6 4
1 7
3 6
2 8
3 9
10 1
6 1
10 4
5 4
9 6
2 6
2 10
1 7
5 4
6 5
3 4
10 1
7 3
9 1
2 8
7 2
8 1
9 9
1 9
7 3
5 6
2 5
4 5
4 5
3 9
6 10
4 7
4 6
5 4
9 6
2 4
4 9
4 3
3 4
7 1
7 5
9 1
5 5
5 1
3 4
7 5
2 9
8 4
1 1
3 5
5 5
3 9
9 8
6 8
6 7
7 10
7 8
6 2
1 10
5 7
6 5
3 7
9 5
7 2
6 6
5 10
8 10
8 1
2 5
8 4
3 9
9 5
8 6
6 4
8 2
10 8
9 6
5 9
8 5
6 8
6 6
2 8
5 5
6 8
2 6
2 3
6 6
9 8
10 5
4 2
1 9
9 9
8 3
9 7
9 3
5 6
7 1
6 8
7 2
8 9
8 4
9 3
7 6
10 1
8 9
9 8
2 2
6 5
4 7
10 2
4 4
7 3
7 6
9 8
5 4
7 1
10 7
2 3
4 7
10 7
1 7
7 5
5 6
7 4
7 8
8 5
6 4
3 4
6 6
7 7
5 2
4 4
3 4
4 3
8 6
7 4
4 6
7 8
7 3
5 1
4 9
2 3
9 3
5 1
5 6
1 7
9 2
2 6
2 9
8 2
9 1
4 9
6 3
4 4
2 5
5 3
2 4
6 7
7 5
5 2
1 7
1 4
7 7
5 9
4 2
2 7
4 6
8 10
10 3
1 9
6 10
2 6
3 4
8 2
8 9
7 1
1 5
2 4
1 1
1 6
2 4
7 9
8 9
6 10
8 3
8 10
5 1
1 4
9 2
10 9
3 5
7 3
3 7
6 6
5 4
2 8
1 7
6 3
7 5
6 4
6 5
2 2
3 8
10 7
3 8
3 5
4 3
5 7
10 4
6 8
3 2
7 7
3 6
4 7
7 8
1 4
7 10
1 5
1 10
9 6
6 9
4 2
6 5
1 9
2 4
2 9
1 8
3 8
6 5
6 2
7 10
7 5
5 8
5 6
8 9
8 9
9 2
6 6
2 5
4 10
4 9
7 6
9 10
2 6
10 3
1 6
5 4
1 4
3 9
5 2
10 5
4 4
8 4
7 5
8 9
4 8
3 4
6 2
3 6
5 9
3 2
9 9
3 3
2 6
6 2
7 2
4 5
3 3
10 4
10 10
5 9
8 2
9 6
8 5
9 8
5 3
10 6
10 1
10 9
5 7
3 10
8 10
10 8
8 6
6 9
9 1
2 1
8 7
10 2
1 8
7 1
2 2
3 1
6 9
9 8
5 7
1 3
1 6
8 4
4 8
1 8
7 3
9 10
2 3
10 5
2 1
8 3
1 9
8 9
3 5
3 6
9 6
6 7
9 2
7 5
4 7
10 5
9 7
5 7
8 8
4 1
7 1
10 9
6 1
3 6
9 9
4 4
6 3
7 5
8 4
2 8
9 5
7 4
10 9
2 5
2 5
9 3
8 10
10 5
3 7
5 8
1 5
9 4
7 8
3 6
7 3
3 8
6 3
1 10
9 10
9 4
6 7
5 6
6 8
3 1
2 5
4 9
9 9
6 1
1 6
10 5
10 3
9 1
7 7
2 5
6 8
9 2
1 6
10 2
7 8
9 1
10 3
1 8
6 5
6 8
8 1
2 3
9 6
6 1
8 5
7 2
6 7
4 8
5 7
10 1
6 2
3 3
6 3
10 1
8 8
2 9
10 2
7 2
10 10
2 2
9 9
10 6
3 9
5 5
4 9
9 2
7 8
3 9
2 1
5 9
6 8
1 2
5 1
1 8
7 6
5 6
5 7
9 6
9 5
6 9
1 3
6 10
5 3
10 3
4 8
2 3
6 10
5 9
10 2
10 10
6 5
2 2
1 1
1 3
7 9
4 8
7 6
7 3
9 7
7 7
9 4
3 4
9 3
9 8
2 4
9 8
1 10
7 4
1 2
1 10
8 2
5 1
9 6
8 4
7 8
1 1
1 10
2 5
10 10
9 3
5 5
8 7
10 9
5 5
3 9
5 4
4 4
4 2
5 7
2 9
10 6
2 4
1 10
9 9
6 6
4 8
3 3
9 1
1 4
6 3
3 10
9 6
1 8
7 2
1 7
3 7
6 1
9 4
8 5
4 10
9 3
9 6
3 3
2 4
1 1
10 7
6 10
8 7
2 8
4 9
8 3
1 10
5 7
5 4
4 6
7 7
5 9
9 4
2 5
3 2
5 2
4 10
1 8
5 5
4 4
3 4
10 1
7 5
8 7
4 9
1 6
1 5
8 1
8 7
7 2
9 1
5 4
6 9
9 8
5 9
1 7
6 7
2 5
5 6
10 4
10 4
5 9
1 5
2 2
10 6
1 8
4 6
8 5
6 9
3 2
7 6
3 1
7 7
5 7
6 1
4 9
9 10
2 10
1 5
7 4
9 8
6 10
9 6
9 8
2 10
1 8
2 2
1 4
9 6
9 7
7 10
5 7
3 3
2 5
6 4
1 8
9 10
1 8
2 2
10 3
8 10
2 9
6 9
10 8
6 6
10 7
3 6
1 10
2 10
2 9
7 10
5 1
9 6
4 3
2 6
4 1
6 8
1 4
9 7
4 3
8 8
2 9
2 4
6 5
1 5
4 1
10 4
7 6
8 1
8 8
9 8
4 7
6 7
3 6
2 6
2 1
10 5
9 1
1 1
2 7
9 8
6 2
7 6
6 3
6 2
9 10
6 8
5 6
6 7
8 8
5 1
10 6
7 5
4 3
2 4
6 1
8 2
8 4
9 8
5 7
9 6
5 7
3 7
4 2
3 1
10 10
7 7
3 8
5 7
2 8
10 10
1 4
10 4
5 6
3 3
9 3
7 5
10 1
4 5
6 6
6 5
5 1
3 7
8 1
2 5
9 4
8 5
9 7
8 5
5 5
8 3
1 5
6 6
10 7
2 7
3 10
10 10
8 2
7 1
1 10
8 4
5 1
10 7
7 4
9 10
8 7
8 9
6 6
10 2
4 6
4 2
1 7
10 3
5 1
5 4
8 6
9 3
10 5
1 2
5 3
8 1
4 2
1 3
4 3
3 1
7 7
2 9
10 6
4 8
1 8
8 5
10 6
5 7
7 9
3 1
4 7
5 5
3 5
2 6
8 4
8 6
4 9
3 2
6 10
3 4
5 2
3 10
8 5
1 6
1 7
6 6
2 10
1 5
6 7
9 1
4 1
8 6
1 3
8 8
10 7
2 6
6 8
7 9
3 2
8 4
7 1
4 1
1 3
9 9
10 9
9 5
1 1
8 4
4 1
5 8
7 5
4 2
7 6
2 5
7 6
2 1
9 4
1 6
2 4
7 9
6 2
1 4
10 10
2 7
10 4
7 5
4 2
4 7
4 5
6 8
5 9
1 9
3 6
8 6
1 1
10 1
10 5
3 3
10 10
4 6
6 9
7 4
4 2
1 3
7 7
5 2
8 3
10 5
4 4
4 4
6 1
6 1
4 2
7 4
10 9
4 8
1 1
3 7
2 4
1 6
4 5
7 4
8 3
8 5
4 2
2 2
4 3
2 2
3 4
9 3
4 10
10 1
1 3
6 9
10 4
5 2
1 5
7 3
3 3
7 2
3 8
1 1
4 9
5 7
6 5
8 1
3 2
4 3
9 3
9 6
7 7
8 8
4 3
6 4
3 2
4 8
1 3
8 1
1 3
3 3
2 2
2 4
10 8
1 10
1 7
8 7
7 6
3 8
1 9
2 8
9 7
5 9
6 3
9 3
10 6
9 2
10 10
4 1
3 2
10 8
7 7
7 4
8 2
4 7
6 3
1 6
6 7
5 3
2 1
10 5
10 3
10 4
1 9
3 5
3 10
3 1
1 9
7 3
5 2
1 6
8 1
2 5
3 9
5 1
2 4
3 2
3 4
8 2
3 9
1 5
5 2
9 4
5 5
10 9
9 3
10 10
9 7
1 9
3 5
2 7
2 3
5 10
2 9
7 4
6 5
1 6
2 5
6 3
6 10
3 1
10 6
7 10
2 6
1 6
7 10
10 3
3 9
9 10
6 3
2 6
1 7
4 5
2 7
1 5
7 7
6 2
10 10
9 4
1 6
1 7
2 2
4 10
3 10
6 6
10 1
2 9
1 8
9 1
6 7
10 5
3 5
3 1
9 4
10 8
7 6
2 4
2 2
8 2
5 6
3 2
9 6
3 9
7 2
4 9
10 7
1 10
10 1
1 4
8 6
1 7
10 10
6 7
3 9
6 1
3 5
9 4
7 2
3 5
8 8
5 10
5 6
9 6
5 5
1 10
7 10
1 5
6 8
1 5
6 2
1 1
3 9
6 9
1 10
7 8
10 3
3 2
7 2
10 2
4 2
3 4
1 8
10 5
1 3
3 7
8 6
9 9
9 4
4 4
1 9
9 3
2 3
6 6
10 7
4 7
4 7
10 8
5 1
2 8
3 9
10 4
4 10
6 10
5 6
3 6
9 10
9 1
2 10
3 10
5 3
1 8
4 5
6 4
5 3
3 4
10 4
4 7
4 8
8 4
2 9
3 1
2 7
2 6
4 7
1 4
6 3
6 2
8 7
1 10
10 6
10 7
4 4
6 7
6 3
5 6
7 10
6 2
2 1
3 8
3 8
9 2
3 7
1 9
8 8
10 3
8 6
1 2
1 3
3 2
3 10
2 5
1 5
8 10
4 5
2 3
6 5
8 3
2 3
9 3
8 1
7 6
3 3
2 9
7 5
7 10
4 5
7 1
6 9
10 2
6 4
10 1
4 9
6 8
7 4
8 5
5 7
8 5
7 10
6 7
6 7
10 5
5 1
6 10
3 5
1 1
4 10
5 5
3 10
6 9
5 3
8 1
5 4
7 9
3 9
4 6
5 3
4 7
5 4
4 2
6 6
3 9
7 3
9 10
8 1
9 2
2 8
4 9
8 1
8 3
8 1
7 7
1 4
9 5
4 3
5 2
6 10
4 1
1 9
5 8
6 10
10 6
4 1
9 8
1 5
8 9
9 6
2 1
9 3
5 8
7 10
2 6
6 1
6 7
10 6
8 5
6 6
8 5
1 8
8 4
4 5
8 2
6 1
9 3
1 3
9 5
1 2
3 2
6 5
5 8
6 10
10 9
8 1
4 2
9 6
7 5
8 3
4 7
10 3
10 4
4 3
3 10
9 9
10 7
8 1
8 1
2 8
8 3
6 6
5 2
6 2
8 9
1 3
2 3
6 4
3 3
6 3
4 7
9 3
3 1
2 10
8 4
8 3
1 4
4 7
1 10
9 2
6 6
4 1
4 3
9 1
6 5
10 10
4 6
4 6
1 3
10 10
2 8
2 7
6 4
7 1
1 4
5 9
2 2
3 4
1 6
8 1
6 10
7 4
2 9
10 1
7 4
7 5
3 3
8 7
9 9
3 7
8 1
6 10
6 10
2 7
10 8
3 5
4 7
10 9
5 3
5 8
6 4
3 2
10 3
3 6
1 8
10 8
7 7
1 9
8 5
9 8
7 10
10 1
8 1
9 7
2 7
8 10
10 1
7 5
7 3
1 4
8 8
1 6
7 10
7 10
5 5
3 2
1 1
7 6
6 2
10 6
10 1
8 7
4 8
10 4
10 5
8 8
3 5
10 2
1 6
7 5
4 10
1 6
7 5
5 9
5 1
4 3
8 10
8 10
8 6
2 9
3 6
5 7
8 4
6 1
6 5
5 9
10 4
1 5
2 2
9 2
3 1
7 9
10 9
7 3
4 9
6 1
6 8
7 8
7 8
3 3
4 7
1 1
4 7
4 9
8 4
1 9
5 7
8 5
4 2
6 9
10 4
3 3
1 3
1 2
2 7
2 10
1 9
5 5
10 5
10 4
6 7
2 2
2 6
5 7
5 3
1 8
8 2
5 2
8 7
9 10
9 6
3 3
7 1
5 10
4 1
1 8
2 7
2 8
4 9
4 2
3 6
5 10
1 2
10 2
5 8
2 1
9 5
7 8
6 7
2 6
10 8
2 10
4 7
9 10
1 4
2 3
6 4
3 1
6 2
2 3
3 4
1 2
10 8
3 2
5 6
1 8
8 10
4 4
1 10
2 5
4 7
8 2
10 2
6 10
1 9
9 8
4 9
1 4
9 1
10 5
1 3
2 1
5 5
9 5
4 6
4 2
1 1
9 9
3 1
1 5
4 7
5 7
4 1
4 8
4 4
1 10
5 5
6 4
5 6
5 5
4 7
5 10
3 9
7 4
3 10
6 2
4 5
3 1
7 9
2 3
9 6
8 4
7 5
8 6
8 6
2 2
5 4
10 7
7 3
5 9
3 9
7 4
3 9
5 9
3 2
1 3
1 7
5 7
7 6
3 9
6 6
8 10
1 1
7 1
5 9
8 10
5 6
6 2
5 8
8 5
2 3
6 1
2 9
2 10
1 6
3 1
4 3
7 2
3 4
5 5
5 6
1 5
9 2
10 7
5 1
9 5
7 7
8 10
8 8
10 8
7 3
3 10
8 6
1 5
2 7
6 5
3 2
8 3
3 4
8 1
10 8
2 9
9 8
1 4
7 9
3 5
9 5
9 4
3 10
1 1
7 10
3 1
1 9
10 6
8 10
8 7
4 7
5 9
6 6
3 6
1 2
4 10
10 1
9 7
10 2
8 6
5 4
5 3
10 10
3 5
10 8
2 2
2 5
5 3
7 10
4 6
5 3
7 5
8 10
5 3
2 2
8 5
1 6
6 5
7 8
10 7
7 6
5 5
5 3
3 6
4 9
2 9
3 10
7 1
3 2
6 8
6 2
3 5
8 5
3 9
5 2
2 4
2 5
10 5
10 6
3 9
2 3
3 8
8 2
8 6
7 3
2 5
5 2
7 8
2 3
5 1
4 4
2 2
8 4
7 2
8 1
10 4
2 3
3 4
2 2
5 6
1 8
9 8
2 5
5 3
5 1
10 9
1 6
2 3
4 4
7 7
2 10
4 2
3 1
8 2
5 1
10 1
3 2
2 10
4 5
1 1
10 6
1 3
3 8
9 5
4 4
3 9
1 1
10 4
8 5
10 3
7 9
3 9
6 4
7 6
9 9
9 1
7 10
4 8
6 2
8 10
4 3
4 5
8 6
5 9
10 10
4 4
1 2
3 8
9 9
8 1
4 2
9 3
3 3
10 1
6 3
9 7
4 8
5 3
1 6
9 7
7 8
2 4
4 7
10 6
3 8
4 2
9 10
10 3
6 10
5 5
7 3
4 8
10 9
6 10
7 1
9 5
2 1
8 8
4 8
8 2
9 10
1 8
2 1
7 9
5 8
1 9
5 9
8 10
4 6
5 7
5 8
5 9
3 3
2 8
4 2
6 6
8 5
5 10
5 7
4 5
7 5
3 7
5 10
10 10
9 10
9 4
1 9
5 2
6 4
3 9
10 1
6 3
2 8
2 5
1 3
6 7
7 6
2 4
8 10
7 6
8 10
9 7
5 3
3 5
8 6
6 10
8 6
7 10
7 7
7 3
3 8
10 4
8 9
10 10
5 9
8 4
5 1
9 5
9 3
6 10
10 2
7 7
3 2
2 9
1 9
3 6
1 5
8 9
3 2
9 5
9 7
10 7
10 9
4 7
2 2
7 1
1 7
3 9
2 1
8 7
4 7
7 2
8 1
10 7
3 8
4 2
10 4
5 9
9 5
10 4
4 1
10 10
5 2
5 9
2 8
7 3
1 6
2 8
10 3
7 8
2 2
6 5
3 10
10 3
2 8
8 3
4 7
4 4
5 6
8 9
6 1
4 8
3 5
1 4
9 4
4 4
6 1
1 10
4 1
10 6
7 5
8 7
3 4
4 2
1 2
10 10
4 8
6 9
10 2
4 2
5 1
7 9
2 1
3 6
5 3
4 4
6 4
2 6
4 5
9 10
2 5
6 9
8 7
6 7
10 5
8 5
6 6
3 9
4 1
2 7
1 10
8 8
2 1
5 5
8 6
2 5
5 5
5 3
8 5
3 5
8 5
1 5
6 5
9 10
9 10
9 4
7 5
10 4
10 10
4 1
4 3
4 7
6 3
5 1
4 7
8 5
2 8
1 2
2 7
4 6
6 7
5 1
5 3
10 6
8 10
6 8
2 9
9 8
10 1
6 7
5 2
8 8
3 8
8 3
10 5
7 3
6 3
9 10
8 7
3 3
6 7
5 6
3 2
5 7
9 9
9 5
6 4
4 6
9 4
6 3
6 6
5 4
7 4
1 8
2 5
7 5
10 5
7 4
2 10
5 10
3 1
2 5
9 4
5 8
5 8
3 2
2 9
3 5
10 4
6 9
2 4
10 8
2 3
1 5
7 4
3 1
10 2
5 6
4 6
7 10
8 5
8 2
5 4
8 1
8 10
9 6
6 4
2 7
7 5
2 10
7 7
9 1
8 5
6 5
9 9
5 3
10 2
8 9
4 1
2 9
2 9
4 8
8 7
6 5
9 4
2 2
5 7
8 8
3 5
5 5
7 6
2 1
6 8
4 4
2 3
2 5
7 3
10 6
6 4
6 10
10 7
7 6
8 6
2 2
5 9
4 5
2 9
1 10
5 7
6 7
5 3
6 7
6 2
3 5
3 7
3 10
6 10
10 9
2 1
8 6
5 3
4 7
9 9
8 10
1 7
2 5
10 5
10 1
3 10
9 4
3 9
3 3
4 9
2 5
7 1
6 5
10 6
2 5
3 4
3 1
7 2
10 3
7 3
10 2
1 10
6 9
2 9
8 8
6 10
8 7
10 3
5 5
9 8
6 6
10 1
2 6
7 4
4 5
1 7
7 4
1 8
2 10
4 3
10 4
10 3
10 9
5 4
2 5
8 5
6 8
4 6
7 1
3 3
4 6
5 2
4 6
4 8
2 1
1 10
7 2
3 6
7 8
9 9
1 9
7 2
4 5
3 2
9 4
9 5
5 9
10 7
9 4
4 1
1 2
1 6
5 1
6 9
3 1
5 9
9 2
4 7
5 8
6 8
4 7
2 9
3 7
8 3
2 4
2 3
10 10
2 10
2 4
1 5
5 1
1 8
3 10
9 2
3 3
9 6
5 7
1 1
8 7
7 1
7 4
10 8
6 8
7 5
3 6
10 6
3 5
4 2
9 9
10 6
6 8
9 1
6 6
5 5
6 1
1 4
5 4
3 4
1 4
9 3
1 9
4 7
4 5
5 5
7 2
3 2
9 5
5 6
2 1
1 2
6 6
4 10
4 10
6 4
4 5
4 9
7 2
8 5
10 4
10 2
3 2
1 10
2 10
4 2
10 10
8 3
7 6
7 1
9 7
7 4
5 9
10 8
4 3
4 4
4 1
10 8
4 10
9 7
4 5
6 6
4 5
8 1
1 6
8 2
3 8
5 10
1 9
9 5
4 8
6 10
8 5
1 3
2 9
1 9
8 7
9 9
10 7
6 8
4 2
10 4
7 7
9 3
2 6
8 7
2 9
6 6
7 4
6 2
3 10
8 10
1 10
7 3
7 3
2 4
8 7
3 10
7 2
3 8
6 6
10 6
6 6
2 2
5 5
1 4
7 9
10 3
10 3
8 6
10 4
4 10
9 9
6 3
4 6
6 1
7 9
10 10
8 5
7 6
8 2
7 8
3 3
3 10
10 7
6 5
4 9
8 5
1 9
7 7
10 2
3 4
1 5
6 7
3 2
6 1
2 10
7 7
1 3
1 3
8 4
4 1
8 3
3 1
4 6
7 6
3 9
9 9
3 9
5 5
7 1
6 7
5 3
5 2
4 1
9 7
10 8
6 4
6 3
1 6
4 9
3 1
3 10
10 1
3 9
9 4
8 3
7 5
8 3
5 6
1 6
3 8
2 7
6 4
8 8
10 2
6 2
4 5
3 8
1 7
8 10
7 5
8 8
5 2
1 9
6 6
1 6
10 10
4 5
3 2
2 2
10 4
5 7
2 6
10 9
10 9
7 9
7 3
5 5
4 9
3 10
9 5
7 3
1 7
4 6
2 10
3 1
3 7
2 6
4 1
10 2
9 3
5 6
4 1
6 7
10 5
8 6
4 9
3 8
2 3
1 6
8 1
9 5
6 9
4 7
6 7
8 3
7 9
10 7
4 9
4 3
10 7
3 8
8 4
3 2
3 10
9 2
3 10
4 1
1 9
1 3
4 8
10 3
3 7
2 4
4 5
9 3
6 10
6 1
6 2
3 6
1 5
3 10
6 9
8 10
4 3
7 6
7 3
10 10
5 5
9 6
7 7
2 6
2 2
3 9
3 4
3 2
1 8
3 8
2 5
5 3
10 2
3 5
6 10
5 3
3 4
9 9
1 6
4 8
4 6
1 10
7 9
10 9
3 9
2 8
8 10
7 7
8 9
8 3
8 1
3 6
2 7
10 6
6 9
3 5
8 10
6 4
2 8
4 1
10 7
10 2
1 5
8 9
6 9
4 2
3 4
9 8
5 1
8 8
2 10
2 7
7 4
2 10
1 10
7 5
9 8
4 8
9 3
10 3
5 10
3 5
1 5
5 10
10 5
1 2
8 2
2 1
5 4
3 1
4 5
4 5
6 2
1 6
5 8
10 8
2 8
6 4
10 3
1 10
4 2
8 4
5 4
7 3
7 8
9 4
5 8
5 6
1 7
1 8
1 1
9 2
10 7
7 10
5 8
8 4
4 9
8 8
8 8
10 6
6 2
8 5
9 1
4 8
9 6
5 8
10 8
6 5
9 2
6 3
1 7
10 3
4 8
9 2
2 5
7 5
7 3
5 7
3 7
7 2
1 4
10 3
3 9
2 3
5 5
2 7
10 5
6 4
7 9
8 10
2 5
2 3
9 7
3 1
6 3
7 7
3 1
1 8
1 9
2 8
9 9
6 9
3 7
10 9
7 1
1 6
3 2
3 8
6 4
7 6
4 4
9 4
4 3
6 3
5 9
5 3
7 7
2 10
8 8
10 5
1 6
9 8
6 7
3 6
10 9
4 3
6 8
1 3
3 10
9 8
1 10
7 9
6 9
6 5
5 3
9 5
10 10
2 1
8 5
10 1
10 3
3 6
8 9
2 3
2 3
8 8
2 3
10 10
9 6
1 10
1 2
7 3
9 4
1 2
2 5
10 3
8 2
2 9
1 10
9 10
1 3
10 7
6 9
4 1
5 3
5 6
5 1
3 4
5 1
6 3
1 7
3 5
6 3
10 2
6 8
1 10
9 1
5 4
1 3
6 4
8 1
7 6
5 10
3 7
4 2
3 9
5 10
10 4
4 5
7 2
10 2
8 4
7 6
6 5
8 7
5 8
1 6
8 6
2 8
3 2
5 10
1 4
7 10
3 2
10 4
10 6
10 6
5 8
9 7
3 10
7 8
7 2
6 3
10 7
2 5
10 5
4 10
10 8
7 7
1 4
5 3
2 10
8 1
8 4
2 10
5 10
6 2
8 2
4 5
3 8
10 2
4 1
10 6
3 5
2 2
7 8
8 7
8 3
3 3
6 2
1 3
8 2
3 4
9 2
9 1
2 9
8 6
10 4
3 2
7 1
8 2
2 8
7 2
5 10
9 6
2 7
4 1
8 7
8 7
9 1
10 7
1 3
1 6
1 4
9 7
5 8
8 3
2 5
2 6
5 8
2 3
9 1
9 2
6 7
1 8
10 7
7 2
1 10
6 8
10 4
6 3
5 6
9 3
8 1
10 8
9 5
7 2
4 4
10 9
10 9
10 5
4 3
7 2
4 4
6 6
5 8
2 6
8 7
7 2
9 2
10 4
5 8
4 8
2 7
9 3
3 10
6 2
9 6
5 5
4 2
4 6
6 9
6 7
6 3
7 10
6 7
1 3
6 9
8 2
9 10
4 6
1 2
6 9
7 3
2 8
7 3
9 8
8 8
5 8
5 4
1 9
9 8
3 1
9 6
4 10
2 2
6 3
5 4
3 10
7 9
1 7
1 8
5 1
1 5
10 6
3 7
3 3
3 10
4 7
3 6
4 9
5 2
8 5
2 3
8 5
4 5
2 2
9 1
9 5
1 7
9 1
5 10
4 9
5 7
4 9
6 5
10 9
5 5
7 7
7 2
5 10
2 2
2 3
10 1
9 6
6 3
2 7
6 2
5 4
1 4
4 9
2 9
6 3
5 6
5 2
6 1
1 2
9 2
10 9
2 10
3 9
2 7
2 4
9 5
1 2
10 1
1 3
3 8
6 3
7 6
7 6
6 2
7 10
4 10
9 2
9 8
3 5
9 8
2 2
2 7
5 9
10 5
8 10
7 3
10 1
7 5
2 9
2 3
8 6
1 6
4 6
5 9
4 2
5 8
4 5
10 9
7 5
5 8
1 2
5 10
10 7
2 9
2 3
1 6
9 6
4 8
4 5
5 4
2 1
8 1
6 7
7 7
4 6
8 8
4 8
2 4
6 2
8 6
9 4
9 9
7 5
2 3
10 1
2 6
7 3
7 3
3 10
1 8
5 5
1 6
1 7
6 9
4 6
10 4
9 3
6 7
6 3
6 7
1 3
3 6
3 6
4 8
7 6
1 8
6 2
8 1
2 7
4 10
6 10
10 4
1 4
13 16 75
14 11 58
11 20 68
12 19 71
14 11 77
14 12 60
18 14 86
11 19 100
20 13 97
18 15 90
19 16 51
18 20 80
18 19 76
14 18 72
10 13 84
11 13 58
12 15 56
16 19 84
20 14 74
18 11 91
20 15 72
15 19 76
15 19 76
12 16 66
18 18 81
10 12 63
11 13 100
11 17 77
20 10 62
12 17 59
13 13 99
14 19 63
19 15 79
12 16 74
13 13 50
10 11 70
12 13 84
20 11 63
14 10 78
19 19 88
16 19 83
18 10 57
19 18 57
12 12 79
17 11 91
11 14 60
13 11 78
13 15 69
20 15 98
16 18 61
13 18 52
16 17 71
11 10 63
20 12 88
12 18 53
14 10 63
18 13 88
19 14 55
18 20 58
14 18 65
10 10 93
15 10 65
17 19 81
19 19 60
18 16 52
13 15 57
20 19 50
19 18 100
18 18 60
16 16 96
12 12 59
10 10 96
20 12 57
10 13 70
15 14 82
14 19 98
14 15 52
20 17 51
18 11 79
14 10 54
14 14 70
11 15 80
15 17 65
19 14 79
11 14 76
18 14 89
18 11 95
10 10 77
14 19 50
19 19 91
10 10 100
12 17 84
18 17 52
16 16 86
16 17 71
17 15 59
17 18 94
19 17 56
14 14 92
12 16 93
20 16 63
17 11 72
16 11 56
19 16 81
10 20 84
11 10 57
13 20 59
17 10 66
18 19 78
10 16 75
10 18 83
16 10 85
13 11 61
19 20 78
15 16 89
11 19 83
12 11 51
15 17 58
11 12 95
10 17 91
16 18 56
18 18 58
16 10 86
15 20 66
19 20 99
12 13 98
14 17 71
10 16 95
18 20 81
10 19 65
18 18 97
10 15 52
14 11 86
16 19 94
17 20 97
20 14 67
16 11 73
10 13 97
19 16 64
17 12 82
18 14 64
10 12 65
14 17 90
12 17 70
11 17 85
11 14 82
15 14 53
11 11 95
17 18 50
19 15 50
18 14 64
13 20 76
14 10 91
20 13 74
18 15 66
20 12 94
15 18 59
19 12 52
12 20 96
15 17 58
13 15 93
18 19 55
12 15 97
10 20 93
20 16 94
20 13 78
13 12 54
19 10 87
19 13 80
20 17 98
13 11 60
19 20 82
20 20 90
15 18 50
14 18 58
18 14 85
19 17 81
19 12 65
10 12 61
16 13 63
15 16 64
10 11 76
12 18 52
17 18 77
14 16 99
17 20 91
17 20 92
14 16 64
11 10 92
11 16 60
20 17 85
13 14 52
10 18 99
12 11 75
11 16 99
11 15 76
14 16 69
19 17 83
12 12 96
19 14 64
10 20 93
12 19 84
16 17 81
14 13 57
11 17 61
16 20 54
14 13 97
17 18 72
11 11 53
10 18 80
14 17 59
16 11 77
14 17 87
10 17 78
18 17 83
18 12 99
15 15 91
20 10 100
10 19 73
18 14 80
18 19 98
20 12 60
12 10 61
16 12 83
20 10 55
12 18 100
18 20 93
15 18 59
12 19 72
20 17 69
17 19 61
14 10 58
19 13 78
20 17 71
11 18 97
13 11 57
12 19 70
13 10 80
19 13 84
10 20 98
17 16 56
20 13 76
11 12 51
19 10 64
12 11 72
17 18 66
19 12 81
14 13 81
13 18 73
10 19 90
10 18 66
14 11 80
19 15 51
18 14 64
12 13 54
11 20 56
12 20 86
20 11 58
14 11 71
11 11 84
10 10 51
18 17 88
17 16 73
14 10 89
10 14 95
17 12 53
14 13 56
12 14 94
15 14 70
19 17 95
15 14 76
12 11 77
13 20 83
20 15 83
19 12 93
15 10 94
18 18 71
10 11 95
13 11 81
10 20 92
15 12 79
14 14 50
12 18 99
20 19 66
20 20 54
11 11 50
11 17 87
19 16 79
11 15 79
18 16 57
15 17 63
18 17 84
16 17 91
13 10 91
17 17 91
20 14 96
16 20 85
13 15 54
13 13 69
20 20 78
19 14 95
16 10 68
10 16 63
12 18 95
20 12 84
17 11 83
13 16 62
14 13 98
20 17 82
15 15 50
11 18 58
14 10 97
17 14 61
20 16 66
20 20 65
16 15 63
18 18 81
12 18 62
19 20 51
12 11 60
19 10 78
15 18 96
11 14 89
13 11 52
20 11 95
20 17 85
18 15 67
20 12 92
18 12 71
10 19 58
12 17 52
10 13 59
10 20 80
14 14 77
20 17 52
11 15 55
17 15 93
16 17 67
19 14 63
10 11 74
20 14 83
14 19 60
20 12 61
16 10 90
19 19 88
18 16 78
16 18 86
12 14 77
17 11 69
15 15 88
20 13 96
20 14 59
19 11 67
19 14 75
19 10 71
12 17 56
14 18 51
15 13 82
18 14 61
19 14 77
14 19 79
12 17 77
15 10 73
17 17 51
18 20 78
15 18 98
17 17 84
12 17 93
19 14 52
12 10 53
18 10 67
14 14 60
20 14 51
11 16 53
20 15 91
18 17 81
20 11 51
12 13 78
16 11 61
13 12 75
16 15 62
18 17 92
10 17 80
13 17 92
18 11 80
16 20 72
15 14 80
20 10 52
13 16 59
15 11 67
11 12 77
13 13 70
16 14 69
10 11 96
15 10 57
15 10 73
19 12 98
18 15 76
16 17 100
19 19 92
14 13 80
19 18 56
10 14 56
13 13 69
18 17 60
16 14 60
11 19 58
18 19 71
14 18 93
16 16 96
16 19 61
13 18 90
20 17 98
18 17 96
16 10 93
16 13 79
19 12 79
13 10 82
10 11 73
12 15 61
17 10 87
10 13 76
20 15 70
16 12 61
11 14 71
10 10 56
20 20 73
20 16 77
10 16 98
14 15 52
16 13 51
18 17 89
14 10 81
16 20 51
15 15 83
11 12 52
13 19 98
16 17 56
13 12 51
20 18 54
18 14 56
13 15 57
14 17 68
13 18 77
16 10 53
15 12 90
17 15 81
13 10 96
11 18 78
19 17 99
13 14 57
10 10 57
17 11 67
15 11 87
17 15 87
14 17 52
16 19 74
10 17 55
10 14 52
14 14 96
12 10 100
19 10 62
19 12 97
12 17 73
14 10 78
20 19 79
11 13 59
17 14 78
14 18 69
19 20 83
18 20 96
11 11 79
19 14 81
19 11 66
17 16 72
18 16 60
15 10 67
18 14 70
14 19 54
16 14 64
19 17 51
19 15 53
20 14 69
20 14 97
16 14 68
18 11 57
13 12 64
11 15 78
20 10 59
16 14 89
18 16 71
16 10 83
13 12 88
16 13 50
17 13 94
14 18 90
19 15 94
13 20 98
11 17 97
17 17 54
19 15 86
15 16 67
12 12 100
10 20 86
19 18 77
15 18 84
19 15 56
14 11 54
14 16 86
17 10 55
20 19 82
12 13 87
14 19 69
14 17 82
20 18 76
14 17 60
15 11 90
20 17 74
13 15 52
11 10 78
19 19 61
18 18 80
15 14 94
12 14 81
11 13 85
12 20 84
11 12 90
10 20 91
20 18 61
17 19 91
13 11 81
19 12 56
18 17 53
16 19 79
15 15 58
10 13 90
12 10 99
20 18 61
17 11 100
11 16 50
14 14 75
12 16 56
10 14 73
14 11 89
18 11 96
11 11 74
10 19 96
13 14 79
11 17 56
12 12 81
15 11 69
11 10 52
12 10 72
13 11 97
10 16 78
13 19 94
14 18 85
11 10 54
15 19 89
16 13 90
11 15 60
12 11 79
13 17 73
11 12 60
19 18 63
16 11 94
19 13 92
16 19 92
15 17 56
17 14 56
20 13 91
14 20 75
10 14 81
20 10 84
11 13 97
16 12 66
12 10 74
17 16 70
20 17 61
14 19 58
20 10 63
10 16 53
10 12 74
13 12 89
16 10 72
15 17 64
17 12 91
18 20 66
10 14 50
10 11 56
17 17 68
15 16 58
13 18 75
13 12 76
11 12 75
13 11 80
13 11 72
11 16 88
17 13 99
14 14 59
18 18 98
15 12 51
18 10 53
18 14 99
13 10 78
19 17 77
14 16 74
20 14 78
18 15 91
18 14 79
18 16 66
18 20 86
11 18 76
13 16 86
10 17 98
13 14 72
19 20 83
20 15 58
13 16 64
13 11 54
11 10 99
13 12 79
18 10 96
10 14 64
19 18 85
17 14 55
15 17 50
15 12 65
14 13 72
12 15 59
16 19 88
18 14 82
18 12 98
20 10 87
12 15 81
20 18 61
20 11 58
10 19 64
15 18 81
11 15 89
13 15 66
12 12 76
14 17 69
10 19 73
18 10 50
13 20 56
15 19 69
10 18 50
20 20 86
19 13 80
17 15 77
13 13 83
18 11 51
12 20 73
18 18 65
19 12 78
19 20 75
16 11 53
19 17 100
10 13 70
15 15 56
18 17 84
10 19 65
19 13 84
16 14 96
14 20 81
18 12 68
15 13 63
16 12 81
14 13 96
17 14 73
16 19 79
16 20 77
12 16 70
14 20 96
15 10 77
20 11 66
11 20 62
20 14 67
18 11 59
17 10 54
14 18 51
19 13 94
19 20 98
17 10 55
10 11 93
10 16 84
16 14 93
20 16 83
15 11 65
12 18 75
13 10 67
12 18 93
17 11 76
18 17 63
16 16 82
15 12 91
20 15 61
20 14 73
11 19 81
12 10 71
10 18 97
17 15 93
10 16 56
19 14 83
19 13 70
17 18 85
17 20 57
19 14 66
13 14 92
12 17 99
18 10 90
19 11 68
13 14 87
15 15 69
18 17 96
10 19 70
13 15 77
14 18 79
18 10 93
11 16 91
15 13 86
12 18 55
13 20 95
13 14 52
13 10 93
15 17 67
15 20 93
17 13 58
16 16 54
10 13 63
20 15 53
13 16 57
15 19 84
11 10 60
15 10 83
19 13 52
16 20 84
19 12 79
13 18 92
13 10 92
14 19 61
18 10 60
18 14 99
19 20 88
15 13 52
10 15 89
15 11 52
18 18 86
16 20 71
10 14 95
17 18 98
10 19 63
14 19 63
11 18 91
20 13 51
19 16 75
14 19 75
20 19 61
14 17 89
14 17 66
16 12 59
12 19 75
16 13 54
17 10 88
20 12 70
14 11 88
20 10 79
20 11 99
12 15 72
12 13 64
11 11 68
20 16 69
15 10 72
10 20 71
20 16 93
17 16 73
18 19 95
18 14 88
17 20 61
17 17 78
14 20 70
14 18 87
17 17 92
15 10 53
10 18 59
10 20 61
17 16 82
14 12 51
15 14 64
15 12 80
18 11 79
18 11 55
18 15 50
13 11 62
10 19 56
11 19 62
19 17 55
11 15 62
11 12 59
14 14 100
10 20 88
20 11 56
14 15 52
11 12 75
13 19 55
18 15 96
13 18 56
19 14 74
16 13 72
16 14 96
19 11 54
18 13 52
20 12 90
20 19 56
10 15 78
11 11 89
20 18 51
11 14 82
20 11 57
15 11 65
16 13 93
16 17 79
12 19 52
10 19 85
15 20 54
14 11 81
18 12 51
12 18 57
20 16 64
16 12 91
20 19 68
14 14 83
13 18 72
15 20 55
13 18 67
14 13 100
17 20 63
15 14 87
18 20 61
15 14 59
20 11 56
12 16 65
16 18 65
15 10 84
19 11 55
14 12 56
18 14 57
10 18 58
11 18 75
10 11 56
11 15 90
20 15 73
15 16 59
15 15 59
17 16 75
16 18 68
13 12 70
13 16 74
15 20 67
15 15 80
18 19 67
17 12 86
16 11 58
20 20 80
16 14 51
10 14 73
16 18 98
17 13 75
15 18 99
10 16 53
11 15 100
18 12 81
15 16 91
17 20 63
11 17 66
19 20 78
14 11 99
10 18 85
10 14 77
14 13 82
11 18 79
19 18 97
19 20 97
20 17 74
20 15 92
19 10 84
13 13 66
14 10 68
11 16 66
16 16 89
10 15 92
12 17 92
11 10 51
14 17 62
19 14 100
13 13 95
17 19 90
18 11 75
10 20 74
10 10 73
13 16 98
17 19 68
17 11 69
18 18 56
10 17 91
12 13 90
20 16 94
19 15 65
14 15 81
18 10 52
13 12 56
18 13 79
16 12 78
17 18 51
14 15 85
14 18 59
12 10 60
13 14 55
11 11 62
16 20 84
11 14 57
13 11 55
11 11 50
11 15 93
12 10 92
10 20 99
10 12 82
16 19 85
17 10 71
11 10 59
18 12 79
17 15 68
19 14 85
10 13 74
13 19 93
11 16 58
11 16 92
13 19 91
11 16 99
12 15 68
12 15 59
19 13 73
11 12 78
19 10 53
11 11 79
18 14 95
14 18 94
20 18 73
12 20 91
10 14 60
17 18 98
18 17 54
15 16 97
19 10 55
11 19 70
14 12 74
12 12 75
14 16 66
17 20 94
18 12 98
12 14 84
14 11 91
15 17 83
13 14 63
15 13 73
15 20 84
12 13 60
15 17 53
15 16 63
18 14 61
11 12 62
13 13 99
17 19 90
14 19 90
20 10 91
13 18 50
17 11 70
12 15 81
11 18 70
16 13 79
13 12 51
10 16 52
16 10 91
15 11 88
20 17 98
17 10 65
13 20 91
14 10 84
17 19 67
17 18 99
10 11 56
19 18 97
10 13 77
13 17 69
10 19 95
15 19 85
10 18 61
17 16 80
11 14 64
17 14 50
20 10 93
15 11 61
10 18 87
12 12 96
20 16 63
16 17 63
18 13 53
13 17 97
20 17 86
18 17 87
15 12 58
14 14 70
12 10 58
17 18 66
13 14 62
15 15 97
14 16 80
15 12 57
20 12 93
13 15 87
16 10 66
13 20 89
12 11 75
20 12 75
13 11 83
17 11 89
10 16 55
15 12 91
12 14 95
17 10 67
15 11 64
13 10 95
19 16 62
18 11 66
11 10 53
16 13 79
17 12 65
14 20 91
20 12 76
11 15 98
11 10 87
10 18 66
14 10 67
10 16 56
15 19 80
19 16 67
19 10 96
16 12 70
19 18 61
15 18 82
17 10 96
18 16 82
10 11 73
12 14 52
19 20 55
17 14 65
18 12 63
19 14 52
18 15 59
10 14 63
12 18 51
12 15 76
13 12 97
12 16 95
17 11 59
20 20 97
13 12 93
10 12 97
14 18 96
11 19 99
18 11 87
20 14 96
11 18 91
15 10 76
16 11 94
17 18 68
11 16 69
15 15 96
13 18 52
13 10 59
20 16 87
19 20 76
19 17 75
13 12 73
13 12 67
15 15 88
11 19 75
10 14 78
16 12 77
13 10 86
20 17 98
19 14 81
13 10 54
11 16 94
19 19 81
14 19 90
10 15 95
18 14 79
10 13 81
16 15 54
12 13 55
17 12 98
11 10 77
20 15 52
11 18 56
19 16 58
10 17 97
14 14 95
19 13 62
12 18 58
19 11 66
13 13 60
11 12 59
13 15 69
14 12 76
17 15 74
10 16 60
12 16 63
15 10 81
17 18 87
20 18 100
15 15 79
15 17 100
16 20 72
14 14 86
12 17 60
18 12 71
10 18 99
20 17 61
12 10 83
13 11 67
15 19 68
18 14 55
15 16 52
16 20 85
19 11 67
16 15 93
12 11 50
19 13 77
17 19 81
17 15 52
10 18 52
18 15 57
15 18 55
18 15 78
10 16 89
13 13 51
11 12 74
13 15 76
15 13 92
16 20 93
10 19 92
19 17 55
16 18 99
19 12 90
16 16 62
10 10 80
17 14 96
10 11 73
12 15 96
18 18 96
19 14 98
16 11 50
14 16 53
13 18 53
20 17 72
12 14 64
17 20 71
12 11 91
11 20 72
10 10 68
19 11 98
18 10 65
19 13 60
14 12 72
15 13 80
17 14 57
17 13 86
17 17 69
10 17 53
18 19 66
10 16 70
16 11 76
11 11 87
13 13 58
11 13 51
14 11 75
18 20 98
16 16 69
14 15 52
11 15 50
12 16 64
15 12 93
18 10 55
17 13 67
12 10 60
19 10 68
16 14 51
16 13 63
19 16 88
16 19 51
15 17 75
17 18 69
18 13 70
15 20 74
11 18 59
11 14 80
13 14 65
17 18 80
17 12 90
10 15 74
10 17 66
13 12 55
20 14 50
11 18 55
18 10 95
20 14 73
10 13 67
19 12 62
17 17 99
12 14 72
17 17 79
19 17 66
12 12 63
15 16 53
20 11 98
11 19 77
10 17 88
10 15 97
20 15 65
15 12 66
16 15 89
10 19 51
14 15 87
13 16 80
13 16 95
16 10 68
14 16 52
11 13 79
17 11 63
17 17 83
18 12 85
11 19 63
15 13 87
11 16 51
12 11 89
19 18 97
14 14 89
14 11 93
14 16 65
20 12 85
13 19 54
19 16 63
12 18 52
16 15 63
18 18 98
18 15 93
15 15 57
11 10 77
16 10 100
14 13 80
19 10 65
14 13 100
10 19 71
18 12 98
20 11 53
10 16 88
16 18 63
15 11 50
17 20 72
17 20 76
20 14 67
19 19 71
18 14 74
17 13 76
16 16 90
19 16 65
19 11 66
12 15 99
17 14 95
11 10 62
14 10 56
17 17 56
13 10 53
19 14 57
15 18 98
18 12 53
13 15 77
17 10 58
14 19 97
12 15 63
20 20 53
10 10 85
15 11 96
10 19 75
20 14 99
17 11 55
12 12 75
18 12 74
20 16 62
12 16 93
19 13 81
11 17 73
12 19 99
15 14 55
19 20 54
14 10 93
20 12 69
11 17 54
12 15 92
17 11 58
12 18 90
18 13 83
13 10 79
17 11 73
14 15 89
12 18 66
14 12 60
20 17 70
20 13 99
20 19 78
10 11 98
18 18 58
10 20 87
20 15 100
14 12 95
15 14 77
16 10 83
11 14 64
17 19 55
16 18 93
19 14 57
20 15 90
11 20 56
11 12 66
12 19 59
15 11 68
10 17 88
12 17 70
13 19 54
13 16 53
14 14 96
16 16 63
20 17 97
19 10 98
10 11 97
17 18 85
14 18 51
19 16 86
19 12 60
16 18 62
17 13 88
18 10 95
12 10 93
20 15 94
13 10 74
17 10 82
12 18 55
17 11 54
14 19 74
16 18 56
10 19 70
10 18 53
14 11 61
10 17 76
19 20 71
10 16 88
18 20 69
15 16 90
13 10 86
17 18 99
11 10 74
14 13 76
20 18 79
19 18 74
13 20 55
14 14 92
13 14 99
17 13 73
17 11 80
17 20 65
13 10 54
20 19 78
20 16 95
20 17 85
10 16 72
12 18 72
16 20 88
15 10 78
15 14 86
13 11 98
13 12 73
12 14 88
13 14 68
12 15 69
11 16 83
17 15 66
17 14 83
13 19 50
12 10 84
12 14 51
14 16 63
10 15 56
14 17 50
14 14 66
14 12 73
17 14 100
17 20 65
11 15 79
12 15 92
16 13 51
19 15 67
17 19 76
19 16 69
17 17 52
16 18 74
20 12 68
18 19 50
20 11 98
17 14 68
10 20 95
11 13 75
20 20 52
20 19 76
12 16 100
14 16 60
19 13 91
20 18 82
12 17 97
15 12 51
14 12 66
16 20 92
14 16 87
14 16 76
20 14 89
10 14 73
19 14 78
20 11 58
14 17 66
14 14 93
20 17 79
11 13 57
17 20 83
20 14 81
18 17 76
16 14 52
20 16 85
20 20 90
17 10 54
20 11 77
13 12 74
15 15 80
11 14 58
12 18 59
15 11 51
19 20 63
20 19 56
15 10 70
16 19 82
18 14 69
11 20 75
14 17 83
12 10 99
14 19 75
20 11 88
17 17 90
10 12 63
17 19 92
15 13 84
14 10 53
17 12 59
17 17 72
20 11 64
16 11 53
10 20 94
17 14 93
20 11 54
19 12 55
19 12 55
10 16 96
15 14 83
15 15 84
11 12 67
19 20 79
12 15 53
15 11 65
15 13 79
19 20 81
11 16 60
12 19 68
18 19 50
17 12 77
10 16 88
18 14 93
19 15 73
14 10 96
13 10 57
20 11 53
17 19 92
19 10 85
14 10 55
18 20 77
11 10 63
18 19 70
20 16 81
17 15 98
17 15 96
15 11 61
13 14 53
18 14 63
12 13 55
17 20 87
14 16 74
10 11 82
13 19 83
16 10 83
13 17 85
16 17 64
13 15 78
12 19 90
16 17 59
19 12 57
11 16 70
18 20 62
15 13 59
11 14 94
17 16 65
12 16 87
12 18 76
10 17 89
20 17 88
20 11 76
12 16 91
13 19 66
10 12 64
17 10 87
14 10 98
13 15 96
10 14 97
13 15 83
15 17 94
17 16 67
17 12 100
17 10 94
13 12 72
12 17 82
18 12 65
16 16 94
14 16 65
11 10 57
10 16 70
13 10 93
11 10 66
17 12 55
20 16 92
14 20 80
13 18 76
15 16 68
18 19 94
17 16 76
15 16 74
16 17 88
18 15 76
18 13 64
16 13 91
11 14 64
11 19 72
15 15 100
16 15 81
13 18 60
10 20 66
10 20 93
19 17 86
10 13 61
14 13 87
15 17 92
20 18 54
17 12 55
17 12 68
13 17 59
20 19 66
20 12 53
12 13 93
16 17 95
19 18 85
20 10 59
16 18 87
16 11 92
17 16 80
13 13 50
17 13 80
20 14 81
15 19 97
15 14 99
17 15 97
17 19 73
18 17 80
10 14 74
16 16 56
19 16 92
12 14 80
13 15 87
16 17 57
20 18 56
20 17 61
15 19 68
12 10 89
12 14 78
12 13 60
13 15 89
17 11 56
17 13 94
18 20 62
14 17 72
18 17 62
13 15 100
20 12 59
17 19 96
19 12 62
18 11 78
17 14 93
15 12 80
12 14 54
20 10 76
16 13 82
20 13 81
10 18 55
12 19 85
20 14 81
20 14 69
14 15 59
17 16 93
12 13 72
18 14 83
16 20 56
19 16 91
15 16 87
20 14 70
10 17 69
19 15 86
19 17 67
18 20 63
10 14 72
10 20 76
18 13 62
18 10 64
17 13 79
20 12 55
17 19 91
13 20 95
18 19 83
19 17 82
18 10 66
11 11 72
10 16 61
14 17 87
19 16 85
14 20 84
15 13 95
12 19 51
20 16 65
15 10 97
13 13 71
16 10 85
15 18 76
17 15 91
18 10 86
13 19 89
12 10 50
19 10 59
13 14 85
14 12 63
16 11 84
18 12 64
15 10 58
12 17 63
15 17 75
15 12 77
17 13 98
19 19 54
14 19 99
10 18 94
18 10 93
20 20 88
13 11 79
18 11 79
20 14 91
15 10 65
16 16 59
15 18 66
17 11 67
16 11 65
10 13 92
17 18 72
13 18 57
14 16 74
14 14 80
12 17 66
14 12 94
19 20 77
20 20 87
16 20 95
13 13 97
13 11 90
11 10 85
17 14 91
18 15 93
20 11 98
11 13 71
10 16 55
17 16 80
19 17 52
12 17 50
16 13 76
20 19 87
14 20 60
11 19 91
11 14 100
18 14 68
19 16 88
19 18 97
16 16 88
17 20 55
17 16 70
19 18 51
13 19 80
16 13 82
14 18 63
12 19 63
11 19 80
19 19 85
19 16 55
19 14 60
15 13 93
11 11 57
17 10 92
18 17 71
20 18 74
14 12 99
14 18 82
13 20 80
10 16 58
14 11 95
14 20 72
13 12 52
11 19 57
20 20 68
20 13 58
16 11 71
18 13 94
19 15 52
11 12 56
16 13 56
10 12 96
20 20 83
17 11 79
16 10 52
20 16 82
15 14 90
18 14 66
10 10 66
12 12 89
19 13 85
17 14 66
19 16 50
12 20 81
19 10 52
12 15 86
10 14 61
17 20 65
10 12 79
19 14 96
18 10 64
16 17 88
11 19 68
18 15 76
16 12 100
15 14 73
16 10 50
10 20 72
20 15 78
16 20 89
16 12 74
15 20 96
15 15 76
15 17 64
18 12 51
18 16 59
13 11 78
10 15 53
18 17 83
17 19 51
15 19 73
19 10 83
15 17 67
18 16 98
18 10 76
20 13 77
19 10 66
15 19 91
20 20 79
18 12 100
11 20 69
16 10 53
10 17 86
10 19 82
14 14 100
14 14 86
18 15 58
19 11 68
16 16 80
13 14 81
12 19 63
10 11 93
20 10 90
17 18 67
12 10 71
19 15 74
17 13 62
16 20 69
19 20 99
18 18 70
19 19 94
20 12 67
10 10 71
14 11 81
18 16 61
18 13 71
19 19 96
19 11 79
14 20 57
15 15 58
19 17 70
15 18 75
12 11 72
10 19 86
17 17 54
20 17 73
17 13 57
16 13 90
16 18 61
20 10 86
19 15 69
20 12 78
12 12 99
10 11 52
14 14 78
15 12 90
14 12 75
18 18 69
12 19 92
17 10 66
18 10 96
18 18 64
20 16 54
13 18 76
11 16 85
10 11 55
18 15 50
17 18 62
16 13 53
14 18 72
12 16 63
10 19 95
11 17 95
20 11 84
16 18 70
11 12 64
18 14 62
19 19 62
15 12 52
13 10 83
10 11 83
17 14 79
16 16 61
15 15 54
14 19 93
11 11 86
13 20 83
20 20 66
15 11 54
16 17 79
16 15 93
13 17 62
13 11 83
14 14 94
17 11 95
12 11 97
15 12 68
17 15 56
10 17 90
11 18 86
18 10 92
10 13 56
10 12 54
13 15 67
13 16 74
20 10 94
11 10 54
16 14 90
12 12 75
14 11 76
15 20 76
11 14 76
18 17 100
14 19 76
17 12 97
14 17 100
10 14 56
12 17 50
20 14 91
14 16 71
11 13 93
18 15 100
18 13 81
11 18 98
14 16 84
20 16 87
15 19 70
17 10 86
20 20 99
19 20 83
14 19 67
12 11 72
19 12 97
15 12 56
18 12 53
13 14 77
12 16 53
16 15 81
11 19 64
10 20 88
20 17 54
15 18 98
17 17 91
15 13 78
14 11 72
20 18 95
14 15 87
19 16 72
16 11 77
11 13 100
20 20 98
10 19 89
13 10 73
14 12 95
12 18 52
20 17 71
19 18 57
19 10 74
15 17 96
16 16 57
13 13 66
18 11 87
13 20 75
14 19 85
12 15 63
15 16 56
16 14 63
11 17 91
20 14 85
17 16 85
17 19 54
18 18 81
13 18 55
16 10 92
19 15 97
18 16 65
12 12 76
13 11 85
17 14 86
19 12 65
16 11 80
11 14 74
18 16 97
18 19 89
20 20 55
20 12 87
15 19 53
14 17 80
20 15 63
16 13 99
13 12 95
14 20 74
13 11 58
20 13 100
16 13 93
11 13 79
16 16 85
12 16 80
11 11 50
10 20 93
13 13 75
12 19 65
17 15 69
13 16 84
11 12 92
12 19 76
16 16 65
20 10 75
12 18 67
14 18 64
20 11 82
17 18 98
16 19 91
11 17 50
15 14 81
14 14 71
20 18 92
19 15 87
18 13 80
20 10 67
16 14 100
18 13 82
20 11 86
20 17 62
18 14 99
19 13 78
15 13 54
11 11 93
17 19 52
15 20 51
14 12 91
19 10 54
11 20 71
18 14 95
12 14 99
12 14 76
14 19 77
10 18 61
19 14 77
13 11 83
11 11 77
10 17 66
10 13 88
19 15 56
10 20 92
11 16 98
11 20 58
10 14 70
18 13 81
12 14 57
12 17 56
11 13 85
17 18 58
13 15 92
19 15 57
15 20 85
20 12 56
18 20 65
13 20 83
15 20 64
16 11 94
12 13 76
16 17 70
17 13 61
19 13 90
13 18 67
12 11 79
16 18 55
12 16 54
15 10 75
20 13 80
16 12 79
13 12 99
13 11 69
20 12 69
10 15 53
12 13 97
19 12 88
17 17 99
19 18 74
18 19 50
15 17 62
15 13 69
14 13 61
10 13 59
19 15 70
10 17 76
12 11 92
10 12 60
17 14 85
16 17 74
10 14 61
13 19 93
20 17 69
12 18 95
12 17 99
13 13 56
16 16 75
13 17 81
18 19 70
14 15 80
19 20 59
17 20 61
20 10 93
14 13 97
13 10 98
10 14 50
17 12 100
15 20 62
16 10 52
17 16 83
19 20 55
13 10 50
18 14 59
16 14 79
18 20 79
19 18 98
15 11 100
10 14 83
10 16 78
10 13 85
20 18 52
19 11 56
10 16 89
18 13 58
16 20 80
20 17 76
14 14 84
16 11 94
10 10 99
17 16 87
14 17 71
16 13 64
14 14 72
18 13 72
19 12 71
19 13 61
11 11 94
15 19 56
20 13 96
16 15 96
18 16 77
14 13 75
15 18 84
13 14 95
19 15 78
14 16 96
14 12 97
19 11 71
16 12 87
13 12 83
20 18 84
17 19 87
11 16 75
12 17 72
20 15 51
15 19 60
17 16 95
15 17 83
20 19 75
14 18 57
15 17 82
16 14 67
17 20 87
11 15 83
10 15 56
11 14 60
13 18 77
14 20 98
13 18 80
10 15 66
12 13 100
16 16 68
15 18 75
12 19 84
15 14 68
10 10 86
13 13 74
15 14 81
12 12 86
20 14 61
17 13 56
18 19 97
10 13 67
10 20 60
12 17 59
12 17 90
18 12 55
12 17 98
11 11 86
10 11 84
19 19 97
18 19 76
10 11 58
20 17 91
20 18 92
19 19 77
12 12 60
11 13 55
14 14 68
20 17 86
16 13 90
13 18 77
12 10 89
20 14 50
19 16 61
20 14 97
10 15 67
14 18 57
16 20 74
20 10 69
11 15 55
18 18 99
12 10 91
11 19 56
20 18 55
18 16 57
18 12 93
18 15 73
17 12 96
19 14 94
11 10 64
16 12 62
15 12 79
19 19 84
16 18 97
18 18 68
19 14 93
10 16 82
12 10 60
20 13 69
16 19 84
20 19 53
20 20 85
12 13 97
16 10 65
17 16 76
16 12 52
10 20 68
18 15 95
18 20 68
10 20 59
14 13 86
13 11 86
17 18 94
18 15 70
11 15 74
15 20 98
18 14 67
18 12 87
12 19 93
13 13 80
15 15 88
20 13 75
18 15 85
19 14 66
19 11 100
17 18 93
13 18 75
10 14 81
15 20 70
18 11 68
20 14 86
19 17 71
16 19 96
11 11 53
13 19 60
14 13 53
14 18 56
19 16 77
19 16 52
11 16 91
12 18 84
15 10 90
10 20 59
17 17 98
17 10 57
12 20 68
10 16 82
18 11 65
14 18 97
13 16 89
11 17 84
10 11 87
15 17 54
14 20 92
16 12 77
17 16 51
18 10 54
10 16 89
15 17 52
12 18 88
10 19 79
11 18 57
11 13 55
10 15 61
16 14 97
11 12 86
17 12 88
15 18 64
10 12 100
19 12 53
16 13 98
13 13 95
18 16 86
12 10 72
17 15 89
13 14 70
10 18 73
12 16 70
15 20 95
11 16 94
17 18 71
10 13 89
19 16 78
11 17 74
13 20 55
11 15 81
11 18 75
15 10 64
13 10 93
20 13 82
11 19 92
16 10 55
17 15 91
18 19 51
16 20 95
17 16 97
12 12 56
12 10 94
19 14 98
18 20 95
11 15 77
19 12 65
14 11 98
14 18 54
19 11 63
17 11 68
11 12 79
19 19 50
11 17 82
13 20 100
11 11 74
11 10 82
17 19 85
18 13 70
17 13 81
12 20 60
19 12 88
16 11 83
16 15 80
11 16 86
10 15 63
17 19 73
20 10 73
13 14 89
13 18 78
20 20 78
12 13 85
19 18 90
11 15 83
15 12 79
13 12 88
18 16 98
17 18 57
14 18 88
19 18 94
20 19 80
14 10 87
13 17 79
10 10 94
12 12 86
14 12 78
16 20 92
17 12 96
20 17 59
16 13 66
17 15 76
11 16 87
18 10 87
16 15 62
11 18 52
18 20 98
16 16 61
19 18 95
12 15 69
10 13 87
17 19 71
16 13 92
14 11 84
20 14 68
11 10 69
15 11 100
15 20 69
14 13 65
15 15 62
17 10 55
10 14 70
19 20 73
16 19 93
16 13 83
19 12 92
11 16 61
10 11 57
14 16 54
13 16 81
15 12 99
17 10 88
14 20 68
11 13 73
16 16 94
10 13 100
11 11 71
11 16 57
17 14 65
13 19 72
20 14 74
12 14 50
18 13 76
19 17 78
14 18 63
15 13 97
14 19 51
10 20 58
10 19 77
10 10 66
10 14 64
16 16 86
11 11 53
18 19 79
18 15 63
18 17 73
14 18 74
11 19 62
11 17 93
12 17 78
11 11 52
19 12 61
20 15 81
15 20 51
17 15 53
18 11 59
16 20 69
20 13 51
17 12 51
10 18 79
11 10 88
16 13 55
16 13 84
12 13 54
20 12 86
11 12 80
18 14 74
14 15 80
11 14 96
19 13 50
20 18 77
18 18 55
11 18 67
15 12 57
15 16 72
19 20 54
12 18 83
13 14 92
14 17 65
17 14 54
18 19 93
20 15 71
18 14 95
12 20 68
18 15 95
18 12 97
10 20 60
14 17 55
10 10 77
18 11 83
16 15 59
19 19 51
10 18 58
20 14 52
11 15 65
13 10 57
15 10 68
14 11 73
18 16 63
14 17 74
10 13 66
16 11 74
12 17 57
11 10 92
17 12 52
10 11 78
14 11 79
18 19 66
12 17 85
13 11 68
14 12 68
12 11 100
16 11 90
12 19 98
19 10 79
11 17 50
18 12 94
15 16 96
19 14 74
19 12 75
11 13 76
11 12 58
14 12 91
10 19 75
14 16 97
20 18 50
12 19 78
19 12 82
15 12 85
18 10 71
14 12 70
17 19 73
14 16 52
15 13 84
17 11 81
14 18 66
12 12 71
16 10 91
19 12 73
20 15 89
12 11 61
13 10 77
15 20 74
19 14 66
19 10 75
15 16 98
20 13 63
15 14 95
12 15 88
11 10 78
18 15 98
12 12 82
12 11 88
11 15 60
10 11 67
12 10 92
15 18 78
13 17 50
19 17 63
19 12 93
19 14 95
13 16 56
11 20 84
14 16 62
12 10 96
12 10 81
14 14 57
20 18 93
20 19 77
19 16 98
10 11 70
18 15 93
10 15 96
12 13 78
16 17 84
12 18 90
13 10 89
13 10 75
12 20 88
20 20 67
10 20 93
17 12 53
19 10 63
14 11 99
10 19 96
10 14 100
17 12 100
10 18 86
13 12 63
15 11 79
14 15 75
14 18 98
15 13 80
10 10 70
10 16 57
18 18 77
18 10 75
20 13 87
20 14 66
17 14 61
20 20 56
13 15 78
15 12 92
13 11 94
15 14 95
16 16 87
10 20 76
10 17 75
10 15 71
12 13 66
19 10 73
12 16 90
12 10 51
12 14 58
13 15 88
17 10 80
20 10 93
18 10 92
12 17 51
17 18 71
12 10 87
11 10 52
20 17 89
18 13 84
11 19 85
17 16 68
15 10 71
16 16 90
19 11 93
17 15 76
10 13 75
18 16 95
10 20 60
17 11 99
19 14 56
13 20 73
15 20 50
14 12 82
12 10 99
15 17 85
15 18 50
19 17 82
10 14 57
11 16 99
19 18 86
12 10 81
19 12 92
20 18 96
10 13 96
13 12 90
20 17 71
20 10 79
13 13 81
17 19 75
12 10 67
18 17 55
19 13 95
10 16 82
14 14 67
15 12 56
14 18 97
17 15 75
20 14 98
19 19 66
18 14 53
10 15 77
12 14 53
12 19 55
15 20 50
11 15 89
14 14 86
18 13 95
11 19 97
19 17 100
19 18 79
12 16 92
12 16 50
14 18 76
20 19 99
15 20 98
14 17 76
19 13 77
11 11 66
18 16 59
19 20 80
17 16 67
11 12 98
12 11 91
18 17 83
11 17 76
10 18 71
10 13 73
13 12 88
19 14 82
15 16 88
12 10 63
12 18 71
16 17 61
10 16 93
17 19 65
12 19 100
16 17 68
15 19 70
17 15 73
11 18 84
20 13 76
12 19 98
19 13 100
11 20 55
11 20 71
16 13 90
15 20 89
18 19 66
10 17 93
14 20 82
15 20 80
18 19 74
11 10 93
20 18 65
18 19 89
16 14 92
17 15 81
20 15 67
14 13 63
18 10 94
19 11 54
11 11 82
12 13 59
13 17 66
14 15 69
15 13 59
14 11 83
10 19 84
20 19 83
18 11 59
19 13 75
11 12 87
11 18 60
15 16 55
19 16 50
12 17 79
12 17 78
14 18 86
19 11 86
15 12 72
11 13 90
17 17 69
10 15 90
10 14 82
18 17 78
13 14 58
19 16 60
14 17 65
15 20 70
18 17 67
18 16 100
18 13 50
13 14 59
19 19 97
14 20 85
10 19 77
19 10 59
16 15 56
20 10 99
20 20 73
11 14 91
13 19 54
13 10 75
11 12 83
16 10 51
12 20 58
16 12 84
13 18 81
15 18 80
18 17 75
13 12 99
14 13 56
17 13 52
16 10 54
20 15 95
15 19 76
18 16 84
19 13 80
11 19 54
12 12 63
16 15 63
18 17 58
13 17 56
13 18 93
19 15 85
18 10 56
11 20 98
16 15 89
12 19 65
18 11 78
19 20 81
12 10 59
12 13 67
11 20 66
11 13 73
12 18 100
18 10 85
18 12 70
13 20 81
12 18 68
17 12 73
10 14 65
15 20 96
10 20 95
10 18 72
18 20 86
13 11 78
20 17 69
14 12 63
16 17 98
19 10 90
12 12 52
20 12 93
16 13 53
18 20 54
16 11 63
10 10 80
15 18 62
15 18 65
13 10 60
16 15 100
12 19 82
12 20 56
11 19 64
18 15 52
15 11 75
12 16 97
14 19 87
10 19 60
19 14 55
13 10 79
11 16 90
10 20 82
20 16 94
14 13 67
12 16 75
16 13 54
13 20 74
14 19 60
13 11 82
20 20 64
18 11 93
11 19 63
19 12 54
20 16 80
19 16 83
10 19 79
17 18 99
14 12 70
13 13 97
12 18 99
17 15 58
12 11 88
14 17 58
11 17 60
10 12 89
14 19 54
17 16 77
14 14 88
15 18 57
11 16 63
16 14 61
12 16 70
19 12 92
15 15 82
18 15 65
16 15 70
19 20 56
19 10 92
17 10 95
11 10 74
14 13 84
20 16 51
13 14 59
19 14 89
15 20 81
16 14 60
17 20 73
13 20 88
15 10 85
13 19 66
18 18 52
20 13 78
11 16 88
20 20 95
14 14 94
11 14 98
11 13 76
16 14 100
13 10 82
16 17 70
18 14 53
13 10 75
18 17 99
15 15 87
14 11 94
19 10 51
14 18 79
17 15 65
12 18 81
16 16 60
11 11 78
15 12 62
19 17 51
19 17 99
13 10 91
11 16 91
19 10 50
14 12 62
12 19 94
19 13 51
20 18 74
12 17 89
15 18 73
15 11 100
20 11 55
11 16 82
12 14 50
20 11 83
18 12 53
13 11 78
19 11 52
15 18 92
16 10 78
16 19 70
16 20 55
19 12 62
20 10 91
19 10 95
20 17 67
20 14 59
20 13 87
14 20 83
13 16 95
12 16 97
18 14 84
20 17 52
15 17 84
19 20 100
13 13 96
20 14 77
14 11 96
19 15 72
14 13 99
14 19 63
16 18 54
20 17 57
18 17 81
10 13 84
11 15 59
15 12 80
11 14 94
10 10 61
17 16 67
10 13 71
17 18 99
20 11 78
11 15 51
12 16 77
17 14 55
14 10 72
16 16 75
13 13 87
16 11 97
10 19 81
11 14 76
19 15 53
11 10 50
11 10 73
19 10 86
10 15 52
12 18 61
17 17 50
19 20 52
20 13 67
18 17 81
12 11 62
13 18 87
12 14 95
12 18 84
16 20 68
10 20 99
11 10 69
20 20 65
12 10 86
16 12 67
13 13 63
12 13 61
12 15 65
14 11 76
10 14 57
10 19 80
19 13 100
13 13 70
13 18 100
16 10 54
10 15 95
12 16 63
11 13 64
14 12 55
10 14 56
13 18 84
17 14 61
11 19 70
20 19 68
17 19 74
16 12 77
13 12 75
19 18 94
20 12 73
18 10 58
15 15 90
12 15 81
17 14 84
20 15 86
13 12 93
