4000 4000
7 5
2 5
8 9
4 4
7 2
3 6
1 4
3 9
8 10
2 10
4 7
5 10
8 9
10 2
5 9
6 1
3 2
5 5
10 9
10 2
3 5
4 8
5 10
1 8
7 5
6 7
6 1
9 6
2 5
6 7
7 4
3 4
5 9
6 4
9 6
9 5
5 9
5 7
4 1
7 3
4 8
10 7
5 5
4 5
9 4
4 5
5 10
1 8
3 9
6 10
9 10
5 8
7 9
7 3
9 1
8 9
2 7
7 9
6 7
5 8
7 1
2 1
1 6
6 5
10 8
4 3
1 3
7 1
3 10
4 7
4 10
2 7
3 9
6 1
10 6
8 2
5 4
8 4
4 8
1 9
9 1
8 5
4 7
3 1
3 10
2 9
7 8
9 4
10 10
4 5
1 7
6 7
3 1
3 1
4 2
8 7
9 7
2 5
6 7
6 3
7 1
1 4
8 8
9 10
6 3
7 5
10 3
4 1
4 5
7 9
9 4
6 4
10 9
4 4
4 8
4 5
5 6
7 7
10 1
5 10
10 4
4 8
7 4
2 5
10 7
4 1
2 1
7 2
9 4
10 4
7 5
4 10
9 3
1 2
6 1
9 4
4 4
9 8
4 3
4 2
6 10
1 6
5 7
10 2
7 8
3 4
1 4
7 8
4 4
7 2
4 2
10 9
4 7
8 5
10 1
1 6
10 3
4 9
1 8
1 6
2 2
5 6
5 5
6 2
9 4
6 6
8 2
6 10
6 1
6 9
5 2
8 5
1 6
5 5
1 1
10 4
7 9
7 6
6 8
3 1
9 2
3 9
8 3
6 2
6 4
4 6
7 7
6 9
2 9
9 4
2 1
1 1
10 1
9 8
2 10
10 2
9 4
9 8
7 7
2 10
6 9
3 4
2 10
8 8
10 4
4 8
8 7
6 8
3 7
7 7
2 2
6 10
5 4
3 3
8 1
8 5
7 7
8 4
8 3
1 5
6 5
5 9
6 8
7 5
7 3
4 3
3 2
8 4
4 5
6 7
2 1
1 6
1 9
10 2
4 3
4 7
2 8
1 7
4 10
1 4
4 8
10 8
7 2
3 7
4 10
3 10
6 10
4 6
5 5
3 6
7 7
8 3
3 10
5 2
2 3
3 8
5 7
6 9
9 10
2 6
1 2
3 3
3 7
4 2
6 6
5 8
10 7
8 2
5 8
8 2
5 3
8 1
5 2
2 10
7 3
7 10
1 4
5 9
2 2
7 5
9 8
6 6
9 6
10 1
2 6
8 7
10 2
9 3
3 5
6 7
2 3
3 5
2 9
3 10
6 1
6 8
7 1
1 6
9 3
9 2
6 6
5 5
3 4
4 3
2 4
10 8
8 1
9 2
2 7
7 1
9 1
9 9
4 5
4 10
1 4
8 4
1 5
2 2
5 10
4 6
10 10
9 3
6 6
9 3
10 2
7 9
1 6
1 3
7 8
10 9
6 3
3 1
10 10
7 3
3 1
8 10
1 2
5 3
8 5
2 9
9 1
10 2
6 7
9 7
5 7
1 8
5 7
7 5
6 6
2 3
3 9
10 9
2 8
4 4
5 8
2 4
6 4
1 7
7 1
5 7
6 7
10 7
2 4
5 8
9 1
9 7
10 3
6 7
3 9
9 4
6 8
5 5
2 2
6 1
6 8
4 10
8 4
3 1
2 3
3 4
6 9
2 7
6 2
10 2
7 3
6 4
3 9
6 3
5 10
6 10
1 6
2 4
6 1
9 4
3 1
5 6
6 4
1 8
6 5
5 1
7 10
3 2
6 2
3 8
5 3
5 2
2 4
7 2
6 4
3 9
6 10
8 6
10 1
3 5
10 4
7 2
7 10
4 4
7 9
2 10
5 9
4 4
5 5
1 5
9 5
7 5
4 5
5 2
3 1
2 2
7 2
3 9
3 6
3 4
8 10
6 7
1 3
10 6
7 5
3 6
3 5
6 3
6 8
4 6
9 6
5 1
7 10
9 5
8 1
2 5
2 6
5 5
1 9
7 8
5 4
8 8
7 2
4 4
1 4
7 9
6 7
6 2
8 6
9 5
1 1
8 8
3 6
1 8
2 4
2 5
1 9
4 8
7 8
6 2
1 2
10 3
4 3
6 8
1 1
5 4
5 4
5 1
7 8
8 1
5 6
4 2
2 10
2 2
7 7
10 7
5 5
3 6
10 7
2 6
3 2
4 1
8 1
4 1
5 7
1 8
5 5
5 6
4 1
7 8
2 4
6 10
1 1
9 9
5 6
10 2
10 7
9 7
8 6
10 1
5 9
7 7
1 5
1 1
9 7
6 10
1 7
9 2
1 1
6 3
3 3
6 9
7 4
7 9
6 9
6 8
6 6
6 9
6 4
10 3
7 6
7 9
9 4
6 1
6 6
2 6
9 5
8 6
8 6
9 8
8 5
1 1
9 3
3 1
2 9
5 5
8 3
2 4
1 7
1 2
9 8
1 5
10 5
3 10
5 4
6 9
10 1
5 4
8 5
1 5
3 10
7 9
9 3
5 6
4 10
10 10
3 9
4 5
10 4
6 3
8 1
6 3
2 9
2 1
5 8
3 8
8 1
10 6
9 7
9 7
8 7
2 9
4 8
10 9
7 1
3 4
2 3
5 6
8 6
10 4
7 4
4 6
6 1
7 4
4 8
2 5
7 6
4 5
3 10
3 1
3 5
6 5
7 1
9 6
6 10
9 5
5 2
8 6
7 5
10 8
1 3
7 2
8 5
5 8
4 5
1 10
3 9
6 10
8 4
4 1
6 8
1 8
1 8
7 4
1 2
2 2
7 5
9 7
2 9
1 7
7 7
4 8
9 4
4 2
5 7
8 1
1 5
1 9
9 1
1 9
4 4
10 4
6 4
6 9
10 4
2 4
3 2
1 6
4 3
3 2
10 6
2 4
1 9
9 1
6 3
3 10
4 7
9 9
6 10
2 8
9 6
7 9
9 2
4 4
3 2
8 10
10 6
5 5
6 1
1 7
9 1
1 2
1 3
9 1
3 2
8 7
1 6
9 9
5 7
8 9
7 2
5 6
3 6
10 10
4 9
8 7
6 6
10 7
1 1
6 4
3 1
4 9
4 3
9 9
2 8
1 1
1 9
1 3
7 7
3 7
7 6
8 3
3 6
4 8
8 5
6 1
8 9
8 1
1 7
5 10
5 5
6 2
9 10
2 10
1 8
8 5
1 10
5 2
6 5
1 1
3 9
5 3
2 8
2 8
9 2
3 3
1 2
2 8
10 4
3 6
9 4
4 3
2 1
5 6
1 8
10 10
3 6
2 6
9 1
5 9
8 2
5 5
5 6
4 7
9 4
4 5
9 6
10 2
4 5
5 5
4 4
4 10
2 6
2 10
4 6
2 4
1 3
9 5
9 4
4 8
2 1
3 6
9 3
6 7
9 1
9 7
2 10
4 10
5 1
4 3
8 2
9 10
1 9
2 7
1 8
6 3
2 1
3 1
8 3
6 9
2 5
2 6
5 3
1 4
7 9
8 9
9 7
7 4
3 9
1 10
2 5
7 8
8 6
6 2
2 2
4 3
8 2
1 6
8 6
2 3
1 3
2 5
8 2
4 5
6 9
1 7
7 8
8 5
8 8
4 8
3 5
7 4
1 5
4 5
2 6
2 2
3 8
7 2
1 10
3 7
7 5
7 7
8 4
1 7
2 4
8 6
1 3
1 3
8 3
4 4
6 9
8 9
10 7
5 9
10 3
7 8
1 1
6 5
9 7
6 2
6 10
3 9
6 5
6 2
1 10
3 3
4 8
7 6
9 8
3 9
4 5
1 3
6 8
5 10
6 6
7 1
6 6
3 7
10 3
8 9
8 2
10 7
1 6
2 8
9 2
7 9
6 1
6 3
6 7
10 9
8 1
4 3
10 9
4 8
7 9
5 10
8 4
4 8
7 4
8 3
10 3
2 9
7 2
7 10
10 4
8 5
7 9
10 6
1 4
10 8
10 5
4 6
3 6
5 5
10 1
1 9
9 6
2 8
6 8
7 1
10 6
5 5
4 10
4 7
4 5
6 1
10 4
1 1
7 7
4 1
5 4
8 8
6 7
10 6
1 6
1 8
10 10
3 3
3 10
1 6
8 3
8 10
5 9
3 8
7 9
7 5
3 10
5 6
2 3
3 1
3 6
7 1
1 8
2 1
4 5
1 4
10 6
2 3
6 1
4 2
6 2
6 5
9 9
8 4
10 2
9 2
1 9
3 8
1 7
9 6
6 8
6 3
10 1
7 3
3 4
4 4
2 5
1 10
4 4
10 2
6 9
8 3
4 9
6 4
1 2
10 4
7 3
3 7
9 10
7 2
2 2
4 7
8 6
8 4
9 8
6 3
8 1
2 9
1 1
7 8
9 3
10 5
1 4
5 10
8 9
2 10
9 10
8 1
4 4
6 8
10 7
4 8
9 10
1 5
1 7
10 4
8 1
5 9
8 2
4 4
5 3
2 10
10 6
4 6
8 2
7 5
4 3
7 2
5 7
3 9
5 7
6 9
10 9
5 2
3 2
5 5
3 2
8 5
9 7
5 8
8 6
1 4
5 9
9 9
2 9
7 8
3 3
7 2
5 6
8 8
4 3
8 10
5 3
6 7
5 7
6 7
4 1
9 8
9 2
5 3
9 3
8 9
7 2
4 2
1 7
2 4
3 3
5 7
4 10
4 1
1 1
5 2
6 4
2 2
8 9
10 3
3 1
10 1
2 1
4 10
1 10
3 3
6 1
5 9
10 5
10 4
5 8
5 6
5 7
7 9
4 5
3 3
5 10
2 3
9 2
1 2
4 3
4 9
3 7
8 1
10 2
2 8
3 4
5 7
2 2
3 5
8 3
2 4
10 8
10 2
6 1
3 2
8 9
7 9
5 2
10 3
6 4
4 7
10 1
9 3
3 5
3 1
1 1
2 4
6 2
9 7
2 2
6 8
9 8
4 9
9 5
8 5
9 7
2 3
10 2
5 7
5 7
3 7
2 9
2 3
6 10
10 9
5 9
3 7
2 7
7 8
6 3
8 7
6 10
1 4
3 7
2 3
6 6
2 9
3 7
9 5
6 8
2 4
8 2
1 6
9 6
4 5
9 10
6 5
10 3
10 7
7 8
1 3
5 6
3 7
5 7
6 4
2 10
5 2
8 3
10 10
5 6
6 2
10 8
4 2
7 8
9 1
8 1
2 9
9 9
10 4
7 1
6 3
10 3
9 4
7 3
6 7
5 8
10 10
10 7
10 2
8 3
9 2
10 5
9 6
5 7
6 1
4 2
10 8
5 7
9 5
6 10
4 7
9 5
7 2
4 7
7 4
7 7
7 1
2 1
3 2
1 9
6 10
2 2
4 7
1 6
4 8
9 7
1 6
9 8
5 5
6 10
6 2
4 4
4 5
5 3
2 5
2 8
7 6
4 6
10 3
5 10
1 10
7 2
10 3
1 10
9 1
3 7
10 3
6 1
7 8
3 7
2 9
3 5
8 9
3 4
3 1
8 7
10 5
5 7
7 1
4 6
2 10
3 1
1 10
8 10
3 2
3 8
5 2
9 4
10 8
5 3
6 2
7 1
3 5
2 1
1 7
5 9
1 9
5 10
3 6
6 5
6 5
10 8
10 7
2 2
2 10
7 3
3 5
6 7
5 9
10 4
3 1
2 7
1 10
1 4
9 4
1 4
9 10
10 7
7 3
10 2
5 8
3 9
6 5
4 7
7 9
9 3
3 10
10 10
2 5
10 2
9 6
2 4
5 8
6 8
8 5
3 7
9 2
3 9
1 4
6 10
10 10
6 4
1 10
8 1
1 5
9 2
2 1
6 7
2 8
6 3
7 6
6 8
6 3
9 4
9 6
9 4
3 4
10 6
9 3
3 10
8 3
1 5
6 4
10 7
7 2
9 1
2 10
8 4
4 1
3 6
5 10
6 8
4 10
1 9
2 10
2 6
7 6
3 3
5 3
6 5
8 4
5 8
1 1
3 10
1 6
10 7
8 7
9 1
2 1
8 1
10 8
1 10
7 2
5 4
7 9
5 1
8 3
8 1
8 10
2 1
7 9
2 1
10 3
5 9
7 10
3 10
7 1
10 4
8 3
10 2
7 3
2 8
1 8
7 1
2 7
6 6
4 5
4 1
9 2
6 1
3 1
3 1
3 8
9 5
6 7
6 1
3 3
5 9
7 8
10 4
2 4
10 10
9 8
10 6
10 9
9 4
7 3
1 7
9 9
3 1
1 7
8 9
8 7
10 10
10 3
1 2
10 2
4 6
2 2
7 10
2 10
2 2
7 7
3 5
7 1
10 9
8 9
10 4
2 7
8 4
1 10
1 4
3 1
1 1
7 6
6 2
7 5
1 4
10 9
7 9
7 2
5 3
6 6
8 2
6 9
5 4
2 2
9 4
5 6
3 5
9 9
1 9
8 4
2 7
8 4
6 6
9 9
10 5
8 6
5 6
8 6
10 3
10 6
3 10
10 3
3 3
2 10
7 6
8 9
3 5
4 7
9 5
4 6
6 1
6 2
8 6
3 3
6 10
1 2
2 9
6 2
10 5
7 9
10 1
7 6
8 5
10 7
10 2
8 6
8 2
5 4
6 6
6 3
10 5
10 7
9 6
2 6
7 5
1 1
2 2
9 4
9 4
9 9
8 5
1 6
3 6
2 10
2 1
4 8
9 8
7 5
5 6
4 9
3 5
2 3
1 9
5 7
1 10
10 9
7 6
10 1
9 1
3 3
8 2
7 9
6 4
2 3
6 6
10 3
4 5
8 10
4 1
1 9
9 10
1 9
3 1
10 7
6 4
7 5
6 10
8 7
8 10
5 9
7 3
5 3
10 5
3 9
5 9
9 1
5 1
9 3
1 6
7 6
6 3
4 2
5 10
2 9
5 5
10 7
8 9
9 1
7 2
10 9
4 8
1 8
1 6
6 1
10 8
6 2
6 1
5 10
10 4
2 8
2 4
10 3
3 1
3 3
7 10
5 3
10 5
3 1
10 5
9 8
5 9
2 6
9 7
10 9
4 1
9 9
10 4
6 1
9 3
7 8
3 1
10 7
5 1
2 4
5 6
9 8
1 4
8 1
6 1
4 2
5 1
10 4
3 2
8 8
6 7
9 9
9 4
4 2
9 2
5 3
8 10
8 7
3 2
6 9
4 6
3 10
1 3
8 5
9 8
2 5
6 2
7 7
4 4
9 8
1 1
3 9
3 10
1 8
8 6
1 9
3 10
9 6
5 9
8 9
2 9
1 1
2 5
8 1
9 8
9 1
6 7
4 7
7 5
1 2
4 10
9 2
8 1
5 3
1 9
10 9
8 1
2 6
1 1
5 3
3 7
9 3
9 3
4 9
2 3
7 8
9 9
1 4
8 2
7 5
6 9
1 3
6 8
5 5
9 2
7 8
7 2
2 2
3 6
7 4
3 1
8 7
6 9
2 1
2 9
2 8
3 9
3 5
6 8
2 2
9 10
1 9
1 1
7 3
4 3
6 4
2 7
8 2
8 7
9 2
4 2
8 10
6 9
8 6
8 7
10 9
4 4
8 7
9 4
6 3
7 7
3 10
4 4
9 10
9 1
3 6
1 2
8 8
9 4
7 6
3 8
7 4
10 2
5 8
2 9
4 9
10 9
9 9
9 3
7 5
3 3
8 3
2 3
3 8
3 9
2 9
10 2
8 6
8 7
4 4
6 10
4 5
1 8
8 10
10 1
6 4
1 4
9 3
10 10
7 8
3 8
7 2
8 8
3 3
2 4
9 8
8 2
7 5
4 3
2 6
6 2
5 1
1 1
3 6
9 3
9 7
2 7
3 4
6 6
9 5
3 10
3 1
7 2
5 3
2 10
2 8
9 8
1 8
3 1
10 7
1 2
7 5
1 9
4 1
9 5
3 6
9 8
10 8
4 2
4 2
6 6
3 1
3 4
5 6
3 6
9 10
4 4
10 7
3 10
2 8
8 6
4 7
4 10
1 8
9 3
6 2
1 10
10 7
9 1
6 10
3 7
8 4
7 4
9 2
4 6
3 4
8 3
9 1
8 1
8 2
8 8
9 10
5 1
9 7
10 3
1 8
7 1
8 9
10 5
5 5
8 5
5 8
5 1
8 1
5 2
4 2
4 9
9 5
5 10
10 4
2 1
2 1
10 10
5 6
6 1
7 6
1 9
4 6
7 7
10 3
5 5
8 9
10 6
6 7
5 9
9 2
1 5
7 5
4 4
8 1
9 10
1 5
2 2
4 10
2 5
6 9
8 10
7 1
3 8
8 4
10 2
1 2
2 10
6 4
7 2
9 8
7 8
7 7
1 2
1 9
8 4
5 5
7 9
7 10
9 3
8 4
6 3
2 9
8 6
1 6
9 1
8 1
4 6
4 4
5 8
10 3
1 10
9 4
8 1
7 2
9 3
9 2
5 3
3 5
3 5
1 3
9 2
4 2
3 4
1 1
9 1
2 7
3 1
6 5
7 4
1 10
3 1
7 3
10 7
6 7
2 2
3 2
9 9
8 3
1 5
3 9
2 5
9 3
4 9
2 4
10 2
4 1
5 10
2 6
7 10
5 8
3 7
1 5
4 1
9 9
8 6
7 5
6 6
10 5
4 2
8 8
2 2
5 9
8 2
9 9
4 8
3 2
5 7
4 6
5 8
3 6
5 7
7 3
7 6
9 5
2 10
1 6
10 10
10 7
7 8
5 5
8 4
4 4
1 6
3 9
5 6
5 9
8 5
4 6
2 6
9 1
6 5
10 2
4 4
6 3
9 8
7 5
1 7
10 8
9 5
8 9
8 9
2 5
2 1
8 4
4 3
10 3
7 2
6 9
6 1
7 6
4 3
2 10
5 2
2 6
9 5
1 6
9 8
5 5
10 4
7 7
10 4
9 8
1 6
3 2
8 4
7 9
1 1
8 9
8 1
5 6
7 4
6 5
10 2
4 6
3 10
5 5
2 10
9 8
2 7
7 6
10 7
10 1
2 4
10 3
9 9
9 1
3 5
7 5
8 10
1 6
7 2
9 7
5 2
7 10
3 6
5 4
3 3
8 3
8 9
7 3
9 6
6 5
6 6
6 8
4 1
10 5
6 3
4 7
4 2
6 8
9 7
5 4
5 7
7 8
4 5
2 7
7 10
1 4
4 3
5 9
8 7
2 10
10 4
8 3
1 4
7 4
6 5
8 10
10 2
10 9
3 8
3 7
6 8
4 6
3 6
8 5
2 3
5 6
10 4
10 2
2 8
3 9
9 2
1 6
1 4
10 2
10 10
7 8
10 3
10 2
2 3
10 10
5 5
10 7
6 4
7 1
2 7
2 2
1 5
4 4
1 3
3 6
8 3
4 9
7 4
4 1
8 4
10 9
6 1
2 1
2 10
10 6
9 4
6 8
9 1
4 5
5 6
2 5
7 8
1 8
10 9
8 7
10 1
8 8
2 5
8 9
1 3
2 4
9 1
4 7
7 4
8 6
8 5
10 1
4 9
4 1
4 4
4 1
3 2
10 6
6 5
8 5
7 1
1 6
5 2
1 6
8 3
4 8
9 10
4 4
4 4
4 4
1 7
2 9
8 1
4 5
2 8
4 1
3 7
2 10
8 10
6 9
9 9
5 3
10 7
1 1
6 5
2 4
6 10
10 7
4 5
7 10
8 4
3 4
4 6
3 8
5 8
2 3
5 5
9 2
1 5
6 4
3 2
8 4
8 1
1 5
6 3
1 1
5 8
4 6
1 2
9 7
2 6
8 9
10 8
6 2
8 6
10 1
1 9
5 2
1 10
7 1
6 1
8 8
5 2
9 4
5 6
10 8
4 5
1 10
1 5
8 2
7 8
8 1
10 6
9 9
3 2
8 8
3 5
6 9
8 10
9 9
6 9
6 4
7 5
5 8
5 3
9 2
5 1
4 1
7 4
8 6
10 5
5 1
7 8
9 3
9 9
3 7
9 1
10 7
1 7
7 2
5 8
7 2
3 5
7 3
5 10
10 6
5 2
5 8
8 2
10 10
3 10
5 7
3 3
2 4
9 8
8 5
7 7
9 6
4 10
7 7
2 4
5 6
2 9
8 3
4 8
8 1
3 5
3 5
5 2
2 10
6 7
10 10
1 3
10 10
8 2
10 7
7 1
1 4
5 10
10 2
3 3
9 1
4 9
2 8
9 5
3 1
7 10
3 9
9 10
2 3
3 9
4 9
7 6
6 10
4 8
7 3
8 10
9 5
8 2
7 2
3 9
4 1
5 5
6 7
2 3
8 10
7 10
7 3
8 6
7 3
6 4
7 6
6 2
7 10
10 1
6 10
9 2
5 10
7 5
4 1
3 9
10 1
3 10
1 4
7 8
2 9
1 3
5 1
7 2
3 8
8 3
1 8
2 1
6 3
6 5
3 7
4 5
8 2
8 2
5 4
9 2
7 9
7 4
5 5
3 5
3 7
5 5
6 9
2 5
5 5
5 10
3 8
5 2
6 6
8 7
1 5
5 8
8 6
2 5
9 1
1 6
10 6
10 6
10 10
10 5
9 8
9 8
8 4
6 4
9 3
3 10
8 1
5 10
10 7
10 8
1 4
4 3
8 8
8 9
8 8
5 4
4 6
8 5
5 10
3 4
1 7
10 2
5 3
5 2
8 8
7 7
2 4
1 1
10 4
8 9
3 3
3 8
1 5
10 3
1 2
5 5
5 10
8 3
10 5
2 7
2 10
10 1
4 4
9 7
8 2
9 6
1 9
4 2
8 9
8 7
8 4
1 7
8 7
9 9
2 10
9 8
7 6
3 3
6 9
1 9
5 3
4 2
10 4
7 10
10 10
1 10
8 5
9 2
8 3
10 6
9 9
7 8
6 2
3 8
1 3
5 5
1 2
10 2
6 2
3 3
10 5
10 2
3 4
10 6
9 9
2 10
7 8
4 7
2 3
6 1
6 8
7 2
9 10
9 4
6 2
5 8
7 8
7 10
10 5
6 10
8 4
9 1
1 3
1 9
5 2
8 7
5 4
8 10
1 1
10 10
3 8
9 4
7 4
7 7
3 7
4 3
7 4
7 7
1 6
1 9
7 1
1 3
5 8
7 2
10 4
1 3
6 2
9 9
5 10
5 2
5 2
10 9
5 5
5 6
3 7
10 6
1 2
9 1
9 8
8 1
8 8
3 4
9 8
5 4
10 1
2 9
4 5
4 8
4 7
1 2
8 7
2 5
10 1
1 1
4 8
5 7
5 5
3 6
7 10
4 10
4 10
6 10
2 2
9 6
7 8
5 3
4 7
10 3
8 5
7 10
1 8
8 1
6 5
8 10
10 1
6 7
1 8
4 2
10 1
5 8
10 2
7 1
10 2
9 1
4 9
3 8
7 9
10 8
9 8
1 10
2 9
7 4
10 8
1 2
2 5
10 1
2 2
2 7
1 8
6 7
3 8
3 1
6 2
2 9
2 4
4 10
7 3
1 5
9 2
8 4
5 5
8 7
4 6
8 7
4 4
4 9
10 9
7 7
7 9
7 9
8 3
5 7
10 1
4 2
9 3
9 3
3 7
8 1
7 8
8 6
8 9
6 2
10 5
5 1
4 8
1 3
2 8
4 9
5 4
4 8
4 4
4 10
1 2
3 9
4 10
6 3
6 6
2 2
5 1
4 5
6 1
5 5
5 8
1 7
10 3
4 5
9 2
7 7
1 4
2 3
4 4
1 5
8 3
2 9
2 2
3 10
7 10
3 3
2 3
6 3
9 10
3 3
10 5
4 3
10 8
3 8
4 9
5 9
10 7
3 3
9 5
2 5
7 5
4 4
2 7
10 3
1 7
4 10
4 1
1 9
4 9
9 9
2 10
10 10
1 6
4 4
7 5
8 1
10 9
9 4
10 5
4 2
3 5
1 3
5 9
9 10
8 10
2 3
1 4
5 5
3 8
7 1
8 10
2 10
5 2
6 4
10 7
4 8
6 1
1 1
4 7
3 9
4 7
9 1
9 10
5 5
4 3
3 4
6 7
9 7
10 6
10 7
8 9
6 2
2 9
7 5
8 2
2 7
1 4
10 7
9 3
5 1
7 8
8 9
2 10
8 9
9 8
2 3
7 3
3 5
7 2
5 3
2 2
7 3
6 7
6 1
5 7
9 7
2 6
10 5
6 10
1 4
6 3
6 4
6 6
4 9
8 9
5 7
3 8
10 7
10 7
5 5
10 8
4 4
9 2
2 2
2 6
7 8
9 4
10 5
6 7
7 10
7 10
10 3
6 5
3 8
4 10
5 8
5 8
9 4
3 3
6 3
3 10
10 6
6 5
5 5
8 3
9 5
5 10
10 3
7 6
4 10
9 9
5 8
8 9
5 2
5 2
8 10
7 2
2 2
4 1
9 5
10 1
2 3
10 2
9 4
9 5
1 2
5 4
7 4
6 8
1 7
8 7
5 10
6 5
10 3
8 6
6 1
3 10
2 10
1 5
7 9
8 7
9 6
9 3
5 5
5 5
4 3
1 8
4 9
3 10
10 1
6 8
10 8
1 3
8 9
3 10
10 3
1 4
1 4
5 9
5 6
4 10
10 7
8 6
4 2
4 1
9 5
5 4
4 2
5 6
9 9
9 9
8 4
7 4
5 9
9 5
1 2
1 7
4 8
3 7
8 4
10 8
1 10
8 6
3 10
6 7
10 8
6 2
10 9
1 9
7 9
5 6
9 9
9 6
8 5
1 2
6 2
9 9
8 3
8 4
8 1
5 6
7 5
9 6
5 3
3 3
7 6
2 4
8 9
3 2
2 1
4 8
5 10
7 3
7 7
4 2
8 1
5 8
1 9
8 5
1 10
7 9
7 4
7 1
10 3
10 9
7 6
1 1
10 3
9 5
2 9
6 7
8 6
1 6
10 6
9 3
7 9
5 4
8 5
6 10
7 2
9 3
10 3
5 10
5 5
1 4
10 3
3 4
3 8
5 5
9 10
3 4
3 2
4 2
5 4
3 3
10 4
10 4
5 6
9 4
3 1
2 10
10 9
3 10
3 5
5 3
5 4
2 3
2 5
7 7
1 1
7 3
4 8
2 10
6 5
5 10
3 2
3 4
10 9
6 7
6 9
4 2
4 10
8 3
3 6
6 5
2 5
5 9
5 1
9 1
3 4
3 7
4 10
5 8
2 5
6 7
5 1
1 9
3 9
5 7
4 7
10 8
10 6
4 9
8 1
1 2
9 4
9 7
7 4
10 2
6 2
3 2
2 2
7 6
3 10
8 2
2 2
6 8
7 4
4 4
6 7
1 7
9 1
10 2
10 1
1 2
10 1
5 3
8 6
9 7
6 1
4 5
4 4
3 8
8 2
2 7
1 7
2 9
10 6
5 9
8 7
9 1
5 10
6 9
2 1
3 1
3 4
10 2
10 8
1 3
9 3
7 6
7 7
6 9
5 8
6 1
4 8
8 10
3 8
7 8
10 9
3 7
6 3
3 9
5 1
7 9
8 6
1 3
5 4
9 9
1 8
10 9
5 3
10 5
2 4
6 8
8 3
1 9
4 5
6 7
3 5
1 6
1 4
7 1
3 4
8 8
8 4
2 6
1 6
8 3
6 6
5 2
9 4
2 1
8 2
9 3
4 3
4 4
4 4
7 2
8 7
1 4
5 10
10 6
5 1
8 7
4 3
3 3
7 10
3 2
4 8
8 9
7 2
9 4
3 8
7 7
6 9
10 7
6 7
4 8
10 4
10 5
6 6
1 2
3 8
1 6
10 1
7 4
6 1
8 2
2 5
6 9
3 1
5 4
3 7
4 5
3 4
9 2
5 1
4 9
9 2
10 9
4 8
4 1
7 9
8 2
10 4
2 1
2 6
10 1
10 1
5 5
9 4
9 1
2 10
9 3
8 9
2 5
1 4
3 1
9 10
2 9
6 3
3 5
9 8
6 7
8 2
1 6
3 6
10 6
5 7
7 1
4 6
9 5
8 10
7 7
6 10
9 5
4 2
1 1
3 5
4 8
2 10
9 2
10 5
8 6
7 1
9 3
1 7
1 9
3 5
9 10
9 2
6 9
1 5
5 3
10 2
6 7
5 10
10 10
8 2
3 9
7 2
7 10
7 8
3 7
1 5
7 7
9 9
7 1
8 8
5 6
4 4
10 6
6 9
4 3
5 3
6 8
5 5
1 7
4 2
8 9
8 8
4 3
1 4
8 7
1 4
10 10
2 2
3 5
10 7
4 7
10 10
7 3
7 6
3 10
8 8
8 1
8 4
8 10
4 5
3 3
5 2
1 8
10 6
1 3
1 5
10 3
2 9
10 3
5 6
2 8
6 7
9 8
7 1
8 10
4 9
9 5
10 8
2 9
2 10
6 10
1 1
6 2
9 6
2 4
8 6
6 8
7 3
8 9
7 4
7 7
1 10
8 7
1 5
9 8
4 5
8 9
3 4
4 2
10 3
1 9
5 7
7 8
2 7
10 3
2 3
8 4
7 1
4 2
6 3
5 3
1 9
7 7
4 5
5 5
6 7
4 3
9 9
5 5
7 5
7 9
3 6
9 8
5 4
3 4
2 10
5 4
5 5
2 8
2 6
5 4
9 6
8 2
7 5
2 8
3 6
6 10
8 7
1 5
10 3
4 4
6 2
7 8
1 8
9 9
10 7
5 5
9 1
2 7
4 2
2 7
5 7
4 3
1 10
2 3
2 10
8 10
8 7
9 5
3 5
1 2
2 2
3 10
7 2
3 9
6 4
1 9
10 4
7 4
3 6
9 6
2 5
6 5
4 5
3 10
9 5
10 5
6 8
7 3
10 8
3 1
7 2
5 8
3 9
1 6
3 1
8 2
4 6
6 9
2 10
10 9
6 1
2 4
10 4
2 3
4 5
9 6
4 5
8 1
10 3
8 2
3 1
5 8
10 3
5 9
10 1
3 8
8 4
2 4
7 8
6 1
3 6
2 5
9 10
3 6
3 7
2 5
2 4
8 5
3 3
7 3
9 3
2 3
5 9
3 9
4 1
9 2
6 3
8 5
1 6
3 8
7 7
8 6
5 1
8 10
2 9
8 8
6 8
4 7
4 2
7 4
7 4
6 4
4 5
1 2
2 10
8 9
1 8
9 1
2 1
4 1
7 3
5 9
5 7
1 7
2 4
3 6
10 5
6 3
5 7
7 3
6 3
8 3
4 7
6 9
8 5
10 2
1 4
3 4
3 5
6 2
10 6
7 5
5 7
2 2
7 4
3 9
8 3
4 4
6 2
9 3
1 9
3 8
5 5
1 10
1 4
6 8
9 8
8 4
2 2
4 1
9 3
10 1
8 4
9 10
2 2
5 5
4 7
4 4
3 10
10 8
1 4
7 1
5 5
8 7
6 10
1 2
2 3
4 8
3 6
8 1
6 6
10 6
2 9
6 9
8 1
8 9
6 4
10 8
2 8
6 10
10 4
7 10
10 6
10 7
1 4
5 9
6 8
3 7
5 7
7 7
4 6
6 9
8 9
3 1
1 7
2 1
3 5
8 9
3 7
7 6
10 10
2 5
6 5
7 10
1 7
6 10
5 7
10 4
2 10
3 2
8 10
9 10
9 6
4 7
6 7
2 4
8 10
7 1
2 10
5 6
9 8
10 2
5 7
8 2
4 5
8 10
8 3
8 8
10 6
6 1
8 5
2 4
7 3
2 2
7 4
4 8
7 10
4 2
2 8
2 7
1 8
10 3
2 8
2 8
7 8
5 6
9 5
9 2
2 7
4 1
2 8
6 10
10 6
6 1
7 4
5 1
5 10
6 1
7 5
5 8
4 4
1 3
7 4
5 6
6 9
8 8
3 4
1 9
4 2
10 5
4 2
6 1
9 10
7 3
5 10
7 2
3 3
9 3
9 2
4 2
4 4
4 4
10 9
10 2
3 6
10 3
6 2
5 9
8 5
6 8
7 3
1 1
1 6
2 10
1 5
4 1
2 6
4 10
1 3
10 1
6 1
8 10
3 10
1 10
6 2
4 2
9 10
1 3
3 8
8 3
5 3
2 8
4 5
4 3
3 1
4 8
3 5
5 8
9 6
2 6
10 8
6 9
5 6
7 10
9 6
10 2
6 7
8 6
2 9
8 9
3 9
6 3
7 6
2 2
6 1
5 1
6 8
8 1
8 5
7 7
9 4
6 3
10 10
4 4
7 4
3 1
3 8
7 8
10 10
10 1
4 4
5 9
3 7
8 1
7 5
5 3
6 7
10 3
2 4
4 10
3 2
3 8
9 3
6 9
6 5
1 7
2 10
9 5
5 5
3 8
9 1
4 5
2 10
7 3
9 10
2 8
7 5
3 2
8 7
2 2
3 10
6 1
2 7
10 6
5 10
8 1
10 10
5 8
7 3
9 2
4 7
9 5
4 8
9 8
4 3
2 8
5 4
7 1
1 9
9 2
5 2
10 7
3 6
10 3
9 4
10 8
6 10
8 2
8 7
10 9
9 9
9 3
3 1
1 4
8 8
2 8
5 9
6 9
9 1
8 3
3 6
3 4
3 2
2 5
4 8
3 10
8 5
9 9
4 2
5 10
9 9
5 5
2 1
7 9
8 2
10 2
4 7
9 8
3 5
4 1
4 2
1 8
3 2
2 5
6 7
8 2
6 8
3 6
6 9
5 1
1 6
8 2
1 5
5 10
5 8
9 8
6 10
4 8
5 2
4 7
9 4
9 8
5 9
4 6
4 1
7 1
5 2
1 3
6 7
9 5
7 1
2 5
1 9
9 9
2 3
1 3
9 3
10 10
9 9
3 6
3 1
10 8
7 5
8 3
4 9
5 2
4 8
7 1
9 10
1 5
4 6
3 2
6 10
3 4
4 10
8 6
7 4
1 10
4 4
4 3
4 2
10 3
3 2
9 7
1 5
9 10
4 1
6 7
9 8
4 5
4 6
4 3
1 2
3 1
1 6
6 2
4 4
6 9
9 2
9 2
9 3
8 4
6 5
7 10
3 2
10 6
7 4
9 3
3 8
7 7
10 1
5 5
10 5
9 9
4 7
3 4
6 8
10 3
10 4
8 7
4 3
9 8
2 10
6 2
8 7
4 7
5 3
4 9
9 6
10 5
2 10
8 7
2 2
1 7
2 7
6 1
2 5
3 9
8 9
7 3
9 5
8 3
2 10
3 4
2 3
1 4
1 4
3 10
3 9
9 7
7 7
2 9
3 9
6 4
9 8
7 8
3 4
10 5
4 4
9 9
8 2
10 1
7 9
1 3
2 10
3 9
4 5
3 10
2 7
7 10
2 9
1 4
4 10
2 10
6 1
7 2
7 2
4 8
8 5
9 1
10 2
8 9
5 1
4 10
10 8
4 7
7 7
7 3
5 8
1 2
4 5
7 1
9 2
8 2
4 10
5 3
1 6
3 9
9 3
4 4
6 2
2 4
6 3
6 10
2 7
2 10
1 3
4 1
5 7
9 8
10 4
3 5
3 1
10 1
1 6
7 5
1 2
5 9
9 3
9 9
5 8
2 8
10 1
8 7
5 4
1 5
3 5
9 7
9 7
4 3
8 10
4 7
4 5
4 1
7 7
1 6
10 4
2 7
10 8
7 3
3 9
1 2
9 5
3 5
1 8
1 8
8 8
9 9
6 3
9 6
8 10
2 1
8 4
4 6
5 1
5 6
10 1
9 4
9 7
5 10
2 4
4 1
9 1
3 7
4 10
7 10
5 10
10 2
6 5
8 10
5 2
1 2
2 6
10 1
8 5
8 1
3 5
9 4
4 8
7 7
3 1
5 7
10 2
1 9
4 4
6 5
10 5
7 2
3 9
9 6
8 4
7 7
9 1
9 5
7 6
4 2
5 9
6 1
1 4
1 9
10 6
2 6
9 3
6 8
8 3
9 6
19 11 54
15 19 83
19 17 97
17 16 94
17 14 93
14 14 72
14 19 58
14 11 80
13 20 61
19 16 66
18 14 75
13 10 86
10 19 95
12 11 96
20 17 87
20 18 95
17 10 72
13 16 61
10 20 88
17 16 53
13 12 60
16 19 76
12 18 91
17 11 97
18 13 73
12 11 83
10 15 56
12 13 90
18 20 100
15 17 98
10 11 93
14 12 98
17 15 71
20 11 56
19 16 100
20 10 65
17 18 61
13 19 93
18 17 58
13 13 67
19 14 76
13 12 78
17 19 93
19 19 78
11 16 64
15 13 50
16 20 88
19 16 66
19 11 64
15 15 85
13 16 68
17 17 74
18 11 92
14 16 91
20 16 96
18 19 58
11 14 100
12 18 71
17 13 97
14 14 56
11 15 86
19 20 95
15 14 85
11 13 64
15 14 65
11 11 82
16 17 86
12 13 58
10 11 57
10 20 76
14 16 91
13 11 96
10 12 58
18 16 73
17 18 79
12 12 73
20 17 75
17 10 58
18 14 75
13 16 57
19 10 98
11 16 95
10 12 83
13 14 96
13 15 93
20 17 87
20 20 50
16 17 77
17 14 74
15 13 50
15 10 59
10 13 87
20 11 64
14 20 68
15 19 70
13 20 91
14 20 97
17 18 58
12 17 83
12 16 59
15 15 74
20 14 51
14 16 80
16 13 50
12 17 67
20 20 87
16 13 94
12 11 75
16 12 78
17 16 59
19 20 97
15 10 70
13 13 83
19 15 98
13 12 86
11 15 50
16 13 82
19 19 71
20 18 65
15 16 87
11 19 66
10 10 70
20 16 66
20 11 87
15 17 61
12 17 97
17 18 85
15 13 50
12 20 99
16 10 57
18 10 59
19 12 73
18 13 78
19 16 64
17 11 90
18 17 88
14 13 64
13 10 95
16 17 97
10 15 72
16 14 57
15 14 79
10 17 95
16 16 75
15 12 54
14 20 64
19 19 85
12 18 59
18 18 63
16 10 97
17 18 75
16 10 98
17 17 56
13 20 57
20 11 78
17 15 64
11 12 52
18 19 63
15 13 88
15 18 94
19 15 55
11 10 89
20 17 99
19 18 57
12 16 89
18 18 54
18 14 73
18 10 59
20 10 86
11 16 53
20 17 78
15 15 50
13 17 54
19 11 54
14 12 99
12 14 56
13 17 75
20 12 55
12 13 72
15 17 58
19 20 98
20 11 79
12 20 73
19 10 87
11 10 89
17 19 83
18 11 78
17 11 84
12 20 54
20 14 60
17 10 83
13 17 73
11 19 81
20 18 64
13 18 89
12 19 72
19 19 87
13 13 97
15 19 73
13 16 56
11 19 99
10 13 76
13 13 93
10 13 72
10 10 77
20 14 94
11 16 50
17 16 65
13 18 99
14 20 61
20 12 64
20 16 93
12 19 74
10 20 56
19 13 86
14 16 78
18 13 56
14 13 78
10 19 65
17 11 94
15 16 85
11 10 91
20 17 93
11 18 65
16 15 83
12 16 74
17 16 81
10 18 83
13 18 59
14 11 57
18 12 62
20 19 74
12 15 51
11 12 61
17 18 55
13 15 59
18 16 63
13 15 85
20 20 83
19 10 94
16 14 67
17 19 70
11 14 95
19 15 70
15 14 74
11 12 97
10 16 81
12 15 54
19 10 78
13 10 93
13 14 61
11 19 86
11 12 54
16 20 69
16 17 96
11 17 82
13 17 84
16 18 91
20 14 66
20 20 98
16 16 100
11 12 51
20 11 73
12 14 50
12 11 97
14 13 77
14 10 70
12 12 100
13 20 89
17 14 82
16 10 75
17 12 74
13 16 57
20 19 58
13 12 72
16 16 62
10 20 58
15 15 93
18 20 59
10 13 98
11 15 61
18 20 96
15 18 77
18 17 78
14 17 79
19 15 85
11 13 88
10 17 87
16 10 77
17 19 67
17 15 77
11 12 87
18 10 93
20 10 70
14 11 95
16 19 75
15 16 78
15 20 65
10 13 84
19 16 76
13 14 72
10 13 76
11 15 84
12 19 55
15 15 62
10 14 75
11 10 100
18 17 74
12 10 63
16 14 52
17 15 68
20 18 53
12 16 94
13 12 86
20 18 73
10 16 82
16 20 88
14 15 62
18 17 97
11 11 75
18 16 79
13 18 53
17 13 75
17 16 50
19 11 57
15 12 58
19 18 53
13 10 81
20 14 96
15 10 92
19 13 87
19 18 56
10 13 78
11 20 83
14 11 69
20 14 53
19 16 97
16 15 76
17 16 75
11 10 55
14 16 74
11 16 85
16 13 70
20 13 80
11 16 55
17 17 58
20 14 90
13 20 50
18 20 77
14 17 69
10 11 97
16 10 52
12 13 97
19 16 93
19 17 78
20 13 60
13 15 53
10 12 59
13 13 93
19 13 78
10 13 97
17 17 93
18 19 94
19 19 71
12 10 89
11 17 87
11 18 56
13 14 88
18 15 100
12 19 55
15 19 96
14 18 83
15 11 54
15 18 80
19 20 62
12 16 84
10 18 80
20 12 56
16 13 55
10 14 50
15 15 85
12 16 77
13 14 85
15 14 88
17 13 60
13 14 56
12 12 73
13 11 65
12 14 64
18 20 73
20 15 51
12 13 53
18 18 56
15 14 78
13 12 78
20 15 67
18 16 94
14 16 85
13 10 95
17 18 83
19 19 95
16 19 55
13 14 76
18 11 57
18 17 93
12 14 60
16 11 81
19 12 67
14 12 93
13 16 64
16 20 85
15 18 95
19 15 90
16 11 61
15 10 87
14 13 86
10 11 84
11 11 64
11 16 89
13 12 77
15 18 72
10 12 99
11 12 93
20 11 92
12 12 74
10 18 63
18 20 76
11 15 88
14 12 51
20 15 73
17 16 68
19 11 84
13 13 56
18 18 65
14 16 57
15 14 66
12 12 76
20 13 62
11 20 68
19 16 99
19 12 90
14 18 88
10 14 58
17 18 77
14 13 73
19 20 56
15 10 82
11 13 75
12 18 76
15 18 64
12 17 52
17 13 62
15 11 73
12 15 50
16 18 92
10 20 84
18 12 87
12 16 88
19 14 62
17 17 60
14 19 93
10 13 62
10 12 86
11 13 90
14 16 85
15 19 51
17 12 60
18 13 100
15 20 83
16 16 100
13 20 90
16 10 56
20 20 56
15 14 51
10 19 60
18 15 95
10 16 92
18 15 60
19 13 51
20 17 98
15 10 56
19 14 69
19 12 72
15 12 89
14 17 79
12 16 62
20 10 69
17 14 54
13 15 51
10 20 99
13 16 85
13 19 69
15 14 77
20 20 90
10 10 83
10 20 56
10 20 81
18 20 97
17 11 82
13 15 92
11 11 75
10 16 73
10 16 57
11 15 97
11 12 58
13 11 81
18 14 68
19 12 87
13 11 76
11 13 83
16 11 89
20 10 91
18 18 51
17 20 79
14 14 67
11 18 95
20 14 85
17 18 67
20 16 76
20 20 62
12 18 69
10 16 70
19 19 74
17 17 61
14 20 54
15 12 93
12 11 74
16 12 75
15 16 77
16 20 64
14 17 76
20 12 66
19 10 51
16 20 61
17 10 56
15 14 53
19 10 65
16 15 97
13 18 70
15 12 89
18 11 64
16 12 69
18 17 90
20 12 80
17 14 97
11 10 51
19 10 81
19 10 92
10 20 95
20 16 57
17 17 89
12 14 90
12 17 80
11 16 50
17 19 88
17 16 61
13 20 94
14 17 78
13 13 91
18 15 62
11 19 98
17 16 72
18 19 65
14 10 75
19 16 74
10 19 74
20 19 78
13 15 84
17 17 55
12 12 60
16 19 97
14 19 95
16 15 78
11 16 55
13 19 86
13 16 63
18 10 99
18 20 90
17 18 50
16 11 70
20 16 85
20 15 85
12 18 84
13 12 65
12 20 95
19 17 65
12 18 90
13 15 96
14 14 63
12 14 79
18 17 66
10 18 76
18 10 98
13 14 69
17 19 60
12 10 69
14 13 76
13 12 76
20 17 91
18 18 50
15 20 61
15 14 54
11 20 51
14 10 99
14 14 67
10 18 72
17 11 76
15 20 63
14 12 94
14 15 84
10 10 53
14 17 74
10 18 93
17 13 75
20 16 66
12 15 72
17 20 92
19 12 87
15 18 69
19 13 53
17 10 66
16 10 88
11 19 66
13 11 70
15 13 82
17 14 87
10 11 71
15 18 59
18 11 54
18 20 83
15 11 63
17 11 81
17 17 60
12 14 56
11 20 95
16 16 99
17 12 74
17 20 70
13 17 65
18 16 67
11 10 51
20 19 70
12 18 50
13 13 67
13 13 68
20 17 74
20 20 97
14 15 76
16 11 58
11 20 62
10 11 62
10 15 62
20 20 58
18 12 56
16 17 89
10 12 60
20 13 50
13 15 58
11 16 80
14 15 57
15 14 88
13 10 67
10 15 99
20 16 65
14 12 91
16 13 77
11 18 69
18 10 59
10 13 61
13 17 55
13 19 61
16 15 76
16 19 93
13 12 50
12 15 82
12 15 68
12 20 83
12 12 55
12 19 53
20 19 64
19 16 69
17 12 74
13 16 53
20 15 84
16 14 53
12 16 92
19 10 53
16 15 73
20 11 60
15 15 72
10 12 88
13 18 87
10 10 74
10 11 97
18 15 71
16 18 98
12 11 63
11 20 74
20 17 66
20 18 50
19 11 68
16 17 92
17 17 77
10 18 87
19 19 71
18 12 95
11 19 70
19 10 69
15 13 82
15 17 90
11 18 89
10 13 79
19 19 90
19 17 77
19 16 89
13 19 94
15 12 71
19 17 60
13 13 91
18 15 50
18 15 65
16 19 69
12 16 92
12 14 84
14 17 85
20 11 57
18 14 68
20 19 65
16 11 92
19 11 74
18 11 56
10 18 100
10 16 79
17 12 73
14 17 80
12 12 60
11 18 78
19 13 99
16 14 71
12 17 96
17 15 87
13 10 63
13 15 77
14 16 77
13 13 54
19 12 72
16 17 57
20 20 96
20 11 87
14 14 79
17 17 51
17 16 57
20 17 85
14 10 72
15 17 99
10 12 86
15 15 53
15 20 78
16 17 88
15 19 99
14 19 99
15 11 54
13 19 55
11 18 100
19 20 73
19 18 96
12 17 87
13 10 68
14 15 54
20 10 73
18 15 57
15 18 68
13 17 53
17 14 83
18 17 69
16 11 50
19 12 66
15 19 92
11 20 50
14 18 56
17 19 81
20 11 71
18 13 54
18 15 83
10 15 91
10 17 68
13 13 78
15 11 50
15 20 63
15 15 78
17 13 64
19 17 72
10 14 54
18 17 72
13 10 70
16 11 96
12 15 89
10 15 76
20 15 91
14 12 52
12 19 51
12 19 75
12 10 69
13 15 100
20 12 74
13 15 81
13 15 61
11 15 57
13 11 98
17 14 84
10 17 69
18 11 54
12 20 76
11 20 72
20 18 60
10 10 85
13 10 87
12 16 96
17 10 88
18 17 63
15 19 99
20 18 52
18 14 67
12 16 65
16 12 55
19 20 81
12 19 94
10 13 92
18 10 88
20 16 86
20 19 76
13 17 54
18 10 61
11 16 90
17 13 59
12 10 98
10 18 75
16 14 69
12 13 61
11 13 80
16 13 98
16 16 94
10 17 58
13 19 82
18 14 85
14 18 94
11 20 54
20 20 63
19 17 74
10 12 55
14 13 93
13 15 97
10 18 56
10 14 82
14 13 57
16 16 53
15 13 76
20 14 80
18 17 60
19 20 75
10 16 95
12 12 54
13 15 99
11 13 92
12 14 76
13 10 55
12 11 96
18 20 91
10 10 61
18 18 72
13 18 50
15 10 98
18 15 74
16 14 64
20 13 68
17 15 80
14 13 50
19 17 50
11 14 93
12 15 63
20 18 71
13 13 52
18 14 50
10 18 97
10 13 50
16 14 73
18 13 63
19 19 55
14 15 97
17 15 65
18 14 89
13 12 54
17 13 80
20 16 85
16 13 90
10 12 87
16 16 91
13 10 64
11 20 98
19 19 86
16 11 93
15 20 75
14 15 97
10 18 81
11 10 97
19 16 61
14 13 88
18 12 78
19 20 68
10 11 59
13 16 83
17 20 57
12 10 52
16 19 80
20 12 96
13 19 65
15 13 78
15 13 63
10 19 94
16 17 70
20 11 92
20 19 94
17 11 83
10 20 90
20 15 91
10 10 72
12 11 77
15 14 95
12 14 93
18 11 70
14 12 52
11 17 63
15 19 84
13 20 92
16 17 74
11 18 97
13 11 100
18 19 97
16 19 50
16 20 60
16 10 93
17 14 87
16 16 56
10 17 100
19 18 58
20 13 72
16 16 78
14 13 87
16 20 56
12 11 71
10 15 91
15 14 76
16 17 59
12 15 56
18 12 85
14 13 77
18 18 70
13 12 98
19 10 79
17 15 88
12 12 96
18 17 73
18 10 65
12 20 90
15 19 77
20 18 94
15 14 95
10 15 64
20 15 73
13 11 60
15 12 56
14 17 59
11 20 83
17 16 90
20 17 95
12 18 83
15 11 86
12 13 52
11 16 72
16 14 94
12 11 71
19 16 69
13 13 70
20 16 90
15 17 62
20 19 84
15 16 97
11 19 61
12 20 60
16 15 52
15 13 88
14 14 60
14 16 71
11 11 52
17 10 100
17 20 58
17 19 68
14 10 65
14 11 79
11 20 87
16 17 76
20 10 94
16 18 72
13 10 56
20 19 88
14 16 62
13 20 55
19 17 82
15 15 81
12 19 64
19 10 82
18 11 77
20 16 58
11 17 70
18 17 65
20 19 88
14 19 75
16 19 93
15 19 57
19 19 70
13 19 70
12 16 99
11 10 65
10 20 92
12 20 59
11 10 67
13 18 94
12 12 50
14 15 90
12 12 53
11 18 84
14 12 70
11 16 74
20 13 76
13 10 75
16 12 80
12 17 59
12 11 83
19 18 83
18 14 52
19 12 86
20 11 83
16 16 58
13 17 91
17 11 79
14 11 64
10 13 89
12 13 52
18 19 54
15 20 86
15 14 53
18 10 62
16 19 72
18 18 86
11 15 99
11 15 97
12 12 60
12 20 80
10 18 88
15 13 51
11 20 61
14 17 82
16 15 53
10 12 84
13 10 76
12 18 80
17 10 75
19 19 62
20 14 53
18 20 56
13 18 65
15 13 56
11 11 62
10 13 62
16 18 87
19 20 78
20 12 67
12 14 95
19 10 68
13 13 64
10 20 78
18 19 55
12 13 70
13 12 53
20 20 91
20 13 78
19 16 91
17 14 58
12 13 63
20 20 97
20 10 68
10 12 66
12 14 59
13 20 63
20 11 79
12 12 71
18 11 63
19 14 96
18 12 69
20 19 98
15 13 84
10 12 60
11 19 100
17 11 94
18 10 61
16 18 94
12 20 85
12 19 90
17 12 90
11 13 51
19 19 98
19 11 85
16 18 92
15 11 78
12 11 95
12 10 53
13 13 62
17 14 96
17 19 88
20 20 59
11 20 94
19 11 98
10 20 61
18 13 87
15 17 100
12 13 89
15 14 58
20 17 99
11 12 94
10 14 81
18 14 71
20 18 98
19 14 75
17 19 51
20 17 58
14 14 66
11 14 90
10 19 87
19 18 52
15 17 97
18 20 62
16 10 85
11 19 69
18 12 88
14 17 89
14 16 52
13 20 50
13 20 96
11 17 89
10 18 97
12 10 58
15 10 51
11 20 57
20 12 64
14 20 54
20 15 59
16 14 98
20 18 91
11 11 77
13 15 87
18 12 82
14 10 52
15 18 62
14 18 85
19 19 70
11 16 79
10 17 98
15 15 52
20 17 95
13 20 55
20 13 86
17 14 55
19 14 98
10 16 64
10 20 97
15 14 92
18 10 97
19 13 89
16 17 99
15 12 78
20 19 71
17 12 98
18 14 55
12 13 68
19 19 61
16 18 94
13 19 71
10 14 95
18 13 91
13 20 63
18 13 53
14 20 52
10 10 74
16 11 80
19 13 68
10 10 58
13 17 97
10 16 89
15 15 62
18 20 78
14 17 80
19 10 89
11 18 91
11 19 95
11 10 68
20 15 61
12 16 68
13 13 91
16 11 98
12 14 58
16 13 70
12 10 71
20 14 97
14 17 61
19 19 52
20 18 53
15 16 96
12 13 86
15 18 80
12 11 57
20 16 92
20 18 61
16 15 90
16 20 80
17 19 91
19 10 79
13 20 85
16 14 81
17 19 63
17 20 85
11 12 50
12 19 76
18 15 78
13 13 95
19 19 94
17 16 68
11 16 61
19 19 92
14 17 69
11 17 59
10 16 91
12 15 50
14 17 74
16 10 72
16 11 64
15 19 73
17 13 62
14 15 75
11 16 72
17 18 69
12 17 78
15 20 82
10 17 74
17 14 90
10 16 84
15 15 84
12 18 90
11 15 85
11 14 54
14 20 87
17 18 61
18 14 99
11 15 56
17 18 63
13 12 75
18 11 65
15 10 97
10 15 79
16 17 54
14 14 80
20 19 77
11 19 85
15 16 100
13 18 71
13 16 99
11 20 74
15 11 73
13 17 54
20 15 93
11 20 70
20 20 67
17 11 53
10 20 57
16 13 50
13 20 57
17 18 93
20 16 68
18 16 72
20 13 59
12 15 73
18 16 56
15 18 89
11 12 84
16 11 98
16 17 88
17 13 89
14 12 68
19 14 51
19 20 73
16 10 52
17 17 100
16 13 70
11 13 60
15 17 75
18 13 56
10 10 93
14 19 78
19 15 80
10 14 82
17 10 76
14 10 73
11 18 54
10 13 52
16 12 51
10 19 80
19 20 51
10 12 63
17 12 84
17 16 77
15 12 67
18 19 62
20 14 67
15 11 93
17 11 71
13 15 74
16 20 76
14 20 61
14 19 51
15 19 81
15 15 54
19 12 75
12 17 98
15 16 71
16 16 98
11 18 66
12 12 64
16 15 98
17 13 78
10 16 66
10 12 76
20 15 74
12 13 92
13 15 95
11 12 86
18 13 77
14 13 86
20 19 75
18 14 86
15 15 73
10 15 74
18 19 57
19 17 65
11 16 63
15 19 63
17 13 53
14 15 55
11 13 51
11 18 73
11 12 96
10 15 71
15 11 92
12 12 50
13 10 73
19 10 57
10 20 61
17 19 86
16 18 99
15 14 96
15 15 86
17 12 96
19 18 95
18 16 58
17 10 78
20 12 74
10 16 72
20 20 76
20 15 54
15 16 64
19 13 84
13 15 51
16 16 91
13 10 84
14 13 92
16 10 82
12 13 93
17 11 89
18 20 94
12 12 50
20 14 100
11 16 51
12 20 81
16 10 89
14 16 79
10 15 94
18 20 83
19 14 55
19 18 99
18 15 90
10 10 71
15 16 78
10 12 100
11 13 62
12 10 86
17 16 76
14 19 91
16 18 70
12 19 82
20 12 84
15 15 56
12 11 53
11 20 68
18 19 70
19 10 79
15 13 61
19 14 80
16 17 91
13 13 70
13 15 51
12 13 94
15 12 59
18 19 60
17 14 96
11 20 76
16 19 51
19 12 63
17 11 75
16 13 96
12 16 80
12 19 74
12 14 74
16 15 84
11 13 66
15 15 96
11 17 79
17 15 56
14 17 64
10 10 93
12 14 53
16 20 52
10 16 50
12 20 93
10 19 78
20 12 100
14 20 94
14 18 70
20 19 51
15 13 80
11 14 61
11 11 52
13 11 94
16 11 61
12 13 79
16 19 85
18 20 74
18 20 53
12 20 89
11 12 89
19 17 76
17 14 66
20 15 77
12 13 59
14 18 68
13 20 69
12 20 88
10 14 94
11 13 61
17 12 100
12 11 80
17 14 86
17 20 71
13 17 73
13 13 74
17 19 93
15 15 61
20 13 95
15 19 98
16 17 73
20 13 63
12 13 93
17 16 61
18 12 81
15 19 77
11 11 82
13 15 87
18 17 100
14 11 79
12 13 86
12 15 99
13 18 89
10 19 90
10 11 51
12 14 50
13 16 76
19 19 72
18 17 60
17 13 75
14 16 83
13 14 66
19 10 60
17 15 100
20 10 68
17 14 52
15 15 75
13 17 52
14 15 51
16 14 61
18 10 51
11 19 85
13 14 65
15 17 56
11 13 52
10 14 96
14 19 82
14 11 57
15 14 54
20 14 95
19 10 64
19 15 73
14 12 95
17 17 63
13 16 67
12 14 62
18 13 80
16 11 84
17 11 56
17 14 75
11 10 79
13 17 78
18 16 89
12 17 63
17 10 64
10 11 85
12 17 54
15 14 98
17 19 75
20 14 56
20 11 69
12 14 53
18 19 59
19 17 83
16 15 96
14 15 55
16 20 95
14 16 89
11 11 79
11 13 96
15 18 80
19 20 85
13 19 63
19 10 85
14 14 63
18 19 64
10 11 55
10 19 98
20 13 55
17 12 78
13 12 69
14 13 92
17 19 100
10 19 58
12 18 82
15 17 69
18 17 65
10 18 52
11 19 84
16 14 86
17 13 84
12 13 56
12 13 88
15 13 96
19 16 100
10 18 51
12 20 79
20 17 66
16 13 65
10 19 95
15 13 94
18 10 54
15 12 69
20 18 52
11 20 76
16 17 93
17 12 77
20 17 87
11 18 78
16 12 75
10 20 84
18 20 72
18 19 53
14 10 67
11 11 88
15 15 63
10 18 54
19 16 69
14 19 99
13 16 50
18 18 93
10 11 99
12 10 56
16 14 56
19 15 76
16 18 55
14 17 57
18 12 90
20 17 77
13 11 82
14 11 86
19 14 81
16 14 54
19 16 99
19 19 82
20 11 85
19 18 80
10 15 98
19 15 62
16 14 80
10 11 52
12 13 75
15 14 95
15 16 71
20 10 99
15 13 92
10 18 81
14 14 98
12 12 96
12 15 58
13 15 56
20 12 63
17 16 83
11 18 71
17 16 67
20 10 87
20 12 77
17 16 87
16 15 54
16 15 86
15 13 93
17 16 67
15 10 64
20 14 76
17 10 64
13 19 85
15 16 78
18 18 85
10 15 53
19 15 93
10 14 97
12 20 94
11 17 72
12 11 88
12 17 68
13 16 52
20 12 52
20 12 82
11 10 69
18 18 94
15 16 87
12 18 99
16 15 53
14 13 67
18 11 60
13 14 94
10 16 76
11 11 93
11 14 80
12 14 87
18 17 83
16 12 58
16 10 88
14 18 77
16 11 71
15 16 62
13 10 59
18 13 53
16 19 75
19 12 55
15 20 90
14 16 95
20 15 60
19 11 50
13 19 87
17 11 54
14 18 94
17 14 94
19 15 77
12 18 57
10 10 90
14 10 72
13 19 63
19 13 83
17 19 59
17 14 83
14 14 98
18 11 79
20 18 62
11 10 81
14 10 91
20 11 56
13 11 73
12 13 91
19 12 96
11 20 86
12 13 97
16 15 50
10 15 94
16 20 65
11 18 52
19 18 92
15 17 65
16 11 91
15 19 71
15 16 100
15 17 59
17 17 70
11 13 100
12 18 90
20 15 66
13 19 52
14 18 96
11 17 61
15 19 65
15 16 92
19 19 75
10 18 79
17 14 72
19 15 84
15 14 86
17 17 94
14 11 96
11 13 76
14 12 93
15 10 76
20 17 90
11 16 63
10 10 95
13 13 94
19 14 65
17 12 96
15 18 78
12 19 82
17 18 61
18 19 52
13 15 68
18 19 54
11 20 57
13 20 74
13 17 61
12 10 98
20 20 57
14 19 96
10 10 64
18 18 56
19 13 82
10 16 73
16 15 73
18 17 62
10 12 91
12 15 53
10 17 87
20 14 71
13 11 68
10 20 51
20 12 100
14 18 61
11 12 67
18 16 95
19 13 73
17 13 67
11 17 98
20 14 71
16 16 86
19 17 92
16 20 58
16 11 73
20 13 84
12 10 70
18 19 96
13 14 78
14 14 50
20 14 60
16 12 63
17 18 66
12 18 98
15 14 68
11 14 100
18 20 89
14 14 81
14 19 55
17 15 56
14 11 95
18 15 84
13 18 71
13 16 78
19 14 93
13 16 100
16 17 100
19 12 51
11 11 95
11 16 63
17 13 79
13 17 55
14 13 68
11 12 52
19 14 75
19 11 59
13 13 98
16 13 56
16 18 88
15 18 51
19 12 62
13 12 78
10 10 85
19 18 52
18 16 66
15 11 92
18 20 70
10 20 98
12 15 87
12 18 94
19 10 96
16 11 89
14 17 97
12 10 56
10 19 57
20 18 59
17 15 72
16 13 80
18 17 88
18 14 68
20 13 96
11 20 96
14 12 93
13 13 80
15 13 76
14 15 73
14 12 60
14 10 83
14 14 83
18 10 97
19 10 78
20 10 83
10 14 57
11 14 95
15 11 84
18 15 91
16 16 88
15 15 87
18 12 67
20 11 80
15 17 98
12 19 55
19 20 55
15 10 58
11 15 72
18 17 80
10 16 65
16 12 56
20 19 74
15 15 95
20 11 52
10 16 75
16 13 69
18 11 58
14 12 99
19 17 74
13 11 56
10 13 62
20 12 62
10 17 62
19 20 63
13 15 84
13 18 70
11 18 59
10 20 65
16 14 61
11 18 52
17 16 82
16 17 66
10 17 70
20 15 51
12 15 87
15 14 61
11 10 63
10 12 63
13 18 68
15 19 59
11 12 65
16 12 53
19 11 55
10 12 87
11 12 65
11 19 95
19 20 93
14 12 88
19 12 83
15 20 73
10 11 86
20 15 88
11 16 88
10 15 59
15 17 98
20 13 90
18 19 51
11 12 85
13 19 71
20 18 94
20 15 90
14 20 71
19 17 76
13 16 52
12 13 83
19 17 71
10 10 70
13 13 89
15 19 95
11 19 81
10 10 97
15 12 99
14 18 63
20 14 83
19 20 86
11 12 92
10 13 79
12 14 77
11 15 81
15 19 98
13 18 71
17 16 94
19 14 82
14 16 83
16 16 72
13 19 91
19 18 72
10 10 73
16 11 99
12 19 75
11 19 78
11 19 52
15 18 64
20 17 92
15 15 74
12 13 91
16 15 62
18 14 87
18 17 57
18 20 66
13 16 74
18 17 95
18 20 90
13 11 54
11 19 79
20 20 91
16 20 79
18 10 68
11 20 84
16 13 80
14 17 54
10 19 64
17 13 66
20 17 77
16 16 95
17 15 70
13 16 87
19 18 73
13 12 83
13 19 73
14 15 73
14 20 66
19 19 95
12 14 88
19 17 96
11 14 52
18 17 90
10 15 69
11 13 91
11 10 69
11 14 86
12 19 100
10 19 84
18 13 65
17 12 97
14 11 61
17 16 87
18 20 60
19 18 58
12 17 66
14 10 82
19 10 96
15 11 79
13 11 87
17 20 84
14 12 92
13 15 60
12 18 88
19 18 98
12 18 56
13 16 69
20 17 50
10 12 53
19 11 57
10 19 64
15 14 90
16 19 72
17 12 57
15 12 52
19 19 84
18 16 60
19 18 94
19 11 74
14 13 63
11 16 59
17 17 56
11 19 99
10 14 87
15 13 60
15 11 63
16 19 78
15 12 72
10 11 51
12 20 60
13 13 84
20 17 92
15 12 93
17 15 74
20 15 78
15 13 95
12 11 100
14 19 92
17 10 97
17 19 75
11 17 99
20 14 67
12 17 70
17 18 95
15 14 68
10 10 63
20 16 66
15 19 80
18 18 87
10 12 95
10 15 50
17 13 76
15 13 66
10 17 56
20 20 99
17 17 74
10 11 75
19 16 51
16 16 65
15 20 100
14 12 68
15 16 74
12 14 76
20 12 100
14 10 74
20 11 52
12 12 73
14 11 81
19 14 84
12 20 51
10 19 98
14 20 74
10 20 62
20 15 71
13 14 84
11 12 97
11 10 88
16 10 52
18 20 71
15 10 59
19 10 82
15 15 82
16 12 82
20 20 66
20 12 79
19 15 71
12 10 78
19 16 90
16 11 86
20 17 96
13 13 83
11 19 62
19 19 84
11 16 86
14 14 63
17 19 95
19 18 80
20 17 54
19 10 72
12 20 70
14 20 85
11 20 72
16 11 90
20 11 79
17 12 57
12 14 53
12 10 64
12 14 92
12 16 73
18 13 59
13 13 52
19 12 56
13 14 81
16 16 98
19 16 66
18 13 82
19 10 93
17 16 68
18 10 72
12 11 80
11 13 94
16 17 97
13 16 100
15 19 83
20 11 94
16 13 86
13 18 91
16 17 81
12 13 98
14 19 69
15 15 69
12 19 56
14 15 86
16 18 82
18 18 68
19 20 88
13 12 56
16 13 74
14 11 57
13 19 77
18 16 61
12 18 99
19 17 61
16 10 57
14 15 66
10 16 79
13 15 56
13 15 57
17 12 82
18 10 58
15 20 99
15 11 89
12 11 53
10 14 70
16 13 88
15 14 94
11 14 90
19 12 65
11 20 93
14 10 70
12 10 96
19 19 65
10 18 66
17 17 78
20 14 94
19 12 60
19 18 65
12 10 76
11 16 76
16 10 67
12 17 61
11 13 97
15 17 91
15 16 68
12 19 72
10 17 92
13 12 50
20 11 76
18 17 64
11 13 56
11 16 83
14 17 50
19 13 71
14 12 82
19 13 61
12 12 77
12 12 67
12 14 70
13 10 85
13 14 75
16 20 92
20 20 77
18 17 82
11 15 60
18 14 70
11 19 78
15 13 65
13 13 97
20 12 58
12 13 92
20 20 84
16 16 92
12 12 95
19 16 72
18 14 95
13 15 63
20 17 66
17 14 91
14 17 100
12 11 61
13 18 98
19 17 93
17 11 87
15 15 86
11 13 62
11 14 96
10 19 52
10 17 80
19 13 58
11 10 77
13 12 76
11 16 69
13 15 77
16 18 78
12 16 78
15 14 71
16 16 66
20 11 93
16 12 62
18 19 90
17 11 73
18 18 69
17 18 54
10 15 77
17 12 59
15 14 100
12 19 66
10 13 64
11 15 76
20 19 84
13 18 67
11 20 97
11 10 76
20 19 83
12 13 91
11 20 87
16 19 86
17 20 76
11 19 85
17 18 82
18 11 75
17 12 92
16 16 87
18 13 96
11 12 80
17 10 62
16 20 76
10 20 84
18 12 62
16 12 64
15 14 97
17 18 89
16 16 83
13 19 86
16 18 72
14 10 64
10 12 75
19 17 60
12 19 94
20 14 81
20 16 59
10 11 64
17 20 73
12 17 91
13 15 95
17 17 75
16 12 51
15 15 74
12 19 69
13 11 52
16 10 63
15 18 96
16 18 64
14 11 63
19 17 74
12 17 68
16 13 56
15 13 83
16 13 100
18 16 88
19 14 87
15 17 88
18 10 53
17 19 64
13 17 99
11 13 80
12 14 84
15 10 64
19 10 95
16 16 91
17 14 97
16 14 62
12 16 50
13 18 69
19 13 77
14 13 57
12 16 86
20 13 100
19 20 81
10 10 99
17 19 63
18 18 80
11 16 100
14 18 85
17 14 69
15 20 65
15 14 74
20 16 66
19 10 50
10 17 88
19 12 84
16 11 63
15 10 99
17 16 59
10 18 74
13 10 95
18 17 95
13 18 97
17 11 74
17 16 66
16 20 55
12 11 61
10 15 59
10 19 60
16 19 83
10 19 99
14 12 64
20 20 67
20 20 98
17 17 50
19 19 56
13 16 91
18 13 89
13 15 67
20 20 70
11 13 81
13 19 87
13 14 58
17 20 94
13 11 54
18 14 52
17 13 89
12 15 57
20 10 93
12 11 54
16 15 94
20 19 56
14 10 80
14 11 61
17 13 95
13 20 71
20 12 89
12 17 99
10 19 87
13 12 86
13 15 51
11 12 54
15 16 63
16 14 50
11 20 61
10 19 52
15 11 72
12 13 72
19 16 71
13 18 66
10 20 71
11 15 92
17 13 76
14 18 74
16 18 51
18 10 67
11 18 77
18 14 52
19 17 76
12 10 81
15 15 90
17 17 77
19 14 94
13 14 51
15 20 57
10 13 53
10 20 76
15 10 99
15 16 83
19 10 98
17 11 72
10 13 74
14 10 65
12 12 79
15 11 51
16 16 99
20 15 89
13 13 53
19 19 80
19 18 77
17 19 98
12 11 81
17 12 62
16 10 66
18 15 55
14 11 72
18 18 61
13 18 99
10 19 93
19 17 65
17 19 99
12 11 51
12 16 90
18 16 89
14 19 59
20 11 66
15 14 51
17 16 79
18 19 100
11 17 89
10 11 51
20 18 88
19 13 56
11 11 70
15 20 76
18 10 61
19 16 98
17 15 66
20 11 86
12 11 88
16 17 71
11 12 99
14 12 63
17 13 82
14 17 78
14 13 72
14 10 98
15 16 58
15 20 86
13 18 70
13 14 77
10 14 78
17 13 74
12 12 76
16 12 53
16 15 52
12 12 68
13 14 76
14 16 79
14 20 68
15 17 73
16 17 72
17 20 72
16 12 85
19 10 66
19 15 98
16 11 85
18 15 63
10 17 67
10 13 86
19 13 74
15 20 77
20 15 76
11 19 80
11 11 83
11 20 70
20 14 57
10 11 64
17 17 92
12 16 68
20 18 90
13 17 54
14 12 76
17 19 66
12 18 72
11 14 50
17 10 100
20 19 89
18 13 84
15 16 74
20 16 63
14 17 77
11 18 72
16 10 74
18 10 80
11 13 84
13 19 92
15 14 93
15 16 79
20 16 89
14 14 78
20 18 81
16 13 75
12 12 64
14 12 57
12 16 69
10 18 72
19 15 99
12 17 74
12 11 91
12 10 69
15 10 75
14 13 90
19 19 80
19 20 62
18 16 67
20 19 83
16 15 53
18 11 77
13 16 87
20 18 98
14 14 93
20 16 67
14 12 86
17 10 62
16 13 59
11 17 82
12 18 71
18 18 63
15 19 80
15 19 76
14 15 65
15 19 55
19 13 78
11 12 94
13 17 78
19 17 71
19 10 60
20 17 69
12 18 64
17 15 56
11 11 78
12 20 65
11 12 89
12 19 68
16 13 97
10 16 59
11 19 90
20 15 64
14 16 75
19 19 54
18 10 73
11 13 91
19 18 76
11 20 67
18 15 82
11 15 100
13 15 62
16 12 65
19 17 97
13 14 57
15 13 80
18 11 90
12 13 51
17 15 90
11 17 97
12 17 71
20 14 94
10 14 70
10 12 79
20 19 88
15 14 75
13 20 96
11 19 84
11 17 68
18 17 74
11 18 96
14 20 82
14 15 61
18 10 82
17 20 67
18 16 80
20 13 98
11 20 69
20 20 88
11 16 91
18 15 81
16 13 75
16 20 97
17 11 96
11 13 90
18 11 73
13 10 77
10 10 64
11 19 74
16 19 52
10 14 92
18 11 57
17 13 65
13 15 69
19 19 90
12 13 69
19 14 91
13 11 93
14 15 73
20 14 62
20 13 57
12 18 60
13 11 82
14 15 84
12 18 70
18 18 97
12 14 58
15 18 68
16 19 74
18 18 99
10 20 64
13 16 75
20 13 52
11 10 63
14 12 77
18 18 50
14 18 78
14 15 85
17 13 59
12 16 50
19 18 99
20 13 95
13 15 73
18 16 70
12 16 56
16 18 64
19 20 87
13 18 80
17 13 63
12 13 66
18 13 81
12 18 89
17 17 85
14 18 75
20 12 82
13 20 82
11 14 56
18 16 73
10 11 67
14 13 77
19 13 96
14 12 72
17 18 84
18 15 91
13 18 50
14 14 72
18 12 74
10 10 86
13 16 77
14 13 99
19 15 85
13 15 99
15 15 53
15 14 76
19 14 65
18 19 54
12 17 99
17 17 88
15 10 52
14 11 54
10 19 79
13 10 64
19 19 92
19 10 50
17 20 58
14 11 100
12 20 98
19 12 94
15 16 68
12 16 91
19 17 78
14 19 93
17 11 55
11 12 96
10 14 91
20 18 94
16 12 51
16 17 83
20 18 76
19 10 55
19 14 71
11 11 69
13 19 61
19 10 52
16 15 77
19 18 63
10 11 66
18 18 72
20 15 89
15 18 91
11 11 70
13 17 95
19 15 50
16 16 80
11 18 79
20 11 53
20 17 62
16 17 97
15 15 87
17 17 55
13 17 71
14 16 65
11 15 77
12 18 90
17 20 72
20 11 70
16 12 92
13 18 88
15 12 60
15 15 75
11 15 56
13 19 82
20 19 60
15 10 78
10 14 85
13 20 64
17 13 56
19 14 92
12 11 65
20 15 71
18 14 76
20 19 50
10 14 84
13 19 68
19 10 70
14 18 72
11 20 89
11 16 50
14 15 81
20 18 81
13 12 59
15 15 64
11 12 61
10 14 77
10 10 64
12 18 85
16 20 91
12 16 63
16 18 86
18 12 65
12 11 87
15 12 63
11 15 86
17 17 81
14 14 81
11 13 65
13 15 98
15 19 74
17 16 74
16 18 90
10 18 61
19 16 100
15 20 96
16 15 58
17 14 98
16 12 99
20 13 84
16 14 77
14 20 60
14 10 65
15 13 95
15 14 55
12 18 51
16 11 87
12 19 93
18 17 93
20 20 90
20 16 79
15 19 87
18 14 75
11 11 56
19 10 83
14 13 100
14 20 91
12 15 80
18 14 96
18 11 85
17 16 86
19 13 81
19 10 93
12 17 81
18 11 84
12 12 91
14 15 57
16 19 99
17 11 93
18 17 78
16 12 83
11 17 55
16 20 65
10 16 56
19 18 78
10 18 91
14 19 86
17 13 98
14 18 53
19 11 96
19 15 75
18 11 82
16 19 100
10 12 86
14 17 63
17 19 85
12 16 61
17 17 53
14 16 77
17 12 93
18 20 61
10 12 69
16 15 93
11 12 64
20 14 75
14 20 100
19 15 50
15 15 73
20 17 71
18 15 76
11 19 62
11 15 69
11 11 94
11 15 96
19 18 66
13 17 70
16 18 79
20 13 70
13 17 67
13 13 72
19 14 75
12 20 67
14 17 74
19 10 52
13 13 74
20 16 52
19 19 54
17 18 61
12 18 54
15 18 81
18 17 99
17 14 74
18 14 55
20 18 86
14 19 75
11 11 63
20 19 79
18 19 89
13 10 56
19 15 90
19 15 53
15 20 62
13 17 69
18 14 89
11 11 86
15 13 89
11 19 50
19 11 80
20 18 64
15 20 51
18 19 52
13 14 63
18 12 84
16 20 97
12 15 61
14 11 90
11 18 93
14 10 95
13 10 74
19 10 64
18 13 63
19 17 70
17 18 98
20 12 93
12 13 76
13 17 79
15 19 83
13 13 80
15 17 98
14 10 96
17 17 74
14 12 99
11 12 79
15 10 67
12 15 74
13 18 100
14 16 86
17 19 54
12 14 82
13 12 51
15 18 82
18 18 64
15 20 92
15 10 83
17 11 72
13 10 66
13 14 59
12 12 80
13 11 96
12 15 98
10 10 83
11 20 76
18 12 64
20 20 80
19 15 52
17 11 74
12 11 72
19 20 96
10 15 79
11 13 97
10 15 93
12 20 67
12 10 99
14 15 50
16 12 72
18 19 95
13 20 70
19 17 87
14 11 60
12 17 75
11 14 90
15 14 87
18 11 78
14 20 80
17 17 86
15 20 80
12 19 57
14 10 83
14 13 79
11 13 66
11 20 80
18 19 87
16 14 89
19 12 75
10 14 63
13 16 66
14 17 64
12 19 97
10 10 63
14 17 76
15 11 55
17 12 51
19 10 63
13 14 96
13 20 52
11 16 53
10 14 74
11 18 53
16 11 69
12 12 55
19 11 83
15 17 71
10 18 92
14 14 58
12 20 65
11 20 87
12 12 92
16 12 79
18 17 78
11 14 53
19 11 71
10 19 50
15 12 99
13 17 73
16 12 88
10 18 51
20 10 70
17 17 69
12 20 63
16 17 80
12 13 61
10 12 75
17 12 58
14 12 99
16 19 86
17 17 69
13 15 57
10 11 85
15 19 80
20 13 54
18 18 51
14 15 85
11 20 78
17 14 53
16 14 85
13 17 79
17 20 70
20 14 80
18 16 88
12 19 98
10 10 60
20 14 89
14 15 75
19 10 64
14 10 78
19 20 58
11 19 69
10 15 88
12 17 72
16 18 63
17 13 78
15 14 56
18 16 64
10 18 90
10 13 68
13 12 62
18 10 96
11 19 56
15 14 59
16 17 98
12 15 75
19 15 86
13 11 95
10 11 83
19 13 76
20 17 89
14 14 58
18 18 75
17 15 59
10 17 66
14 19 94
19 14 90
11 18 86
16 16 61
18 19 84
14 10 73
19 15 94
16 14 66
13 20 94
20 15 76
15 14 62
19 13 86
16 10 59
10 17 75
19 15 93
18 14 96
16 12 53
11 16 87
15 18 95
18 15 76
20 11 98
15 15 58
19 19 86
20 16 98
13 17 61
10 16 97
10 10 84
20 19 92
10 13 91
14 14 68
19 17 81
11 12 69
15 17 93
20 16 65
10 19 84
10 14 81
14 20 89
18 13 79
16 17 68
20 20 52
12 16 76
13 17 100
12 17 92
11 19 97
17 19 86
20 16 55
20 17 52
11 15 51
19 20 67
18 12 67
17 17 70
19 11 93
15 13 92
10 10 97
17 18 73
14 13 60
11 11 68
19 14 55
14 12 85
15 10 86
10 11 100
16 14 92
11 15 77
13 15 95
15 20 92
14 12 73
20 14 63
17 12 100
18 18 71
16 15 83
12 10 56
10 12 73
10 12 81
15 20 96
15 11 67
12 13 78
10 17 88
10 18 82
15 13 53
12 20 59
18 16 76
13 20 79
16 16 86
15 10 89
20 19 50
11 19 84
14 19 60
10 10 82
10 16 71
16 17 66
15 15 90
14 11 99
20 11 70
17 17 55
20 10 52
15 18 56
16 10 68
12 13 60
15 14 59
16 19 72
20 18 62
20 19 76
19 12 93
16 13 82
12 16 97
12 14 65
14 13 69
17 17 86
10 19 56
17 20 95
12 15 59
14 14 50
11 11 77
20 19 88
13 12 75
12 10 50
18 13 55
11 14 53
11 20 70
16 16 78
20 10 68
19 16 78
15 20 99
15 13 82
20 12 99
17 20 80
14 11 71
11 12 52
13 20 67
15 11 52
17 19 81
15 14 72
13 11 96
17 12 92
20 18 82
17 15 86
19 16 84
17 15 96
11 12 82
11 12 94
11 16 63
19 12 65
14 20 64
20 20 86
10 16 80
14 16 52
19 11 51
16 20 84
11 13 58
19 19 73
11 15 50
17 14 74
19 18 88
14 15 92
18 17 80
15 10 82
14 11 79
18 15 54
19 11 57
19 12 70
11 17 60
16 20 63
16 18 98
20 17 66
18 10 91
10 18 84
20 19 81
20 11 83
10 14 61
18 12 89
17 20 87
15 16 100
13 16 84
14 15 98
15 17 87
20 18 98
14 20 67
16 17 81
17 19 100
12 10 59
20 12 73
14 19 64
14 13 87
15 16 54
14 13 95
17 18 79
16 14 57
17 12 57
10 12 62
10 19 94
13 15 95
19 20 95
13 13 62
15 19 84
19 10 60
11 14 50
17 20 89
20 10 86
11 16 87
13 10 63
18 11 77
18 19 83
12 13 87
20 11 89
14 18 83
18 19 81
13 13 92
13 19 84
16 14 74
20 15 69
12 16 58
15 18 99
10 13 70
16 17 56
13 19 97
17 10 92
13 12 99
19 11 61
12 19 66
13 18 75
12 20 90
19 20 80
19 13 59
10 12 51
14 12 76
19 15 70
14 20 96
17 20 61
15 18 79
19 17 68
14 17 73
10 19 53
11 18 85
16 16 65
13 18 63
16 20 59
13 11 85
14 18 60
13 19 55
14 19 97
17 14 77
20 15 85
19 19 77
10 20 87
12 11 85
15 18 50
10 15 78
10 14 74
16 13 55
10 19 72
14 12 64
18 10 58
16 13 92
13 16 99
17 19 98
12 10 58
17 17 81
17 13 63
10 13 54
20 11 85
15 17 67
15 14 74
11 11 96
16 10 79
18 19 51
18 10 71
12 15 96
13 15 85
18 16 71
15 19 54
16 14 95
18 15 68
15 14 64
13 19 89
14 15 70
10 16 53
16 13 56
16 17 50
17 10 53
14 14 88
14 10 70
19 12 87
13 12 54
10 17 65
16 13 57
19 13 88
12 20 79
14 10 95
11 16 76
14 16 98
12 14 73
17 15 87
15 15 62
15 18 84
13 15 100
11 17 65
15 12 93
13 18 50
18 18 63
18 16 86
13 10 54
16 15 100
12 17 100
13 17 95
16 20 97
20 11 88
19 12 91
14 10 56
16 16 74
19 19 89
12 20 89
13 16 90
17 12 90
19 18 77
13 12 92
13 19 89
14 15 62
14 18 100
17 17 86
19 20 89
18 14 79
11 18 80
13 16 67
18 10 100
19 10 77
10 18 96
10 16 53
14 20 74
15 16 61
18 17 94
13 11 93
16 18 95
11 17 88
17 19 84
13 13 71
14 10 90
19 16 66
19 17 55
19 20 78
11 15 75
15 16 69
10 10 57
14 12 64
16 11 75
17 19 78
11 13 51
15 17 80
17 17 53
16 14 73
19 14 78
15 15 54
14 13 57
12 15 55
12 19 75
19 18 98
15 18 59
20 15 84
18 14 85
12 13 74
20 16 90
20 19 96
13 15 95
20 20 75
15 12 61
19 18 58
12 16 91
18 19 59
20 16 53
20 11 72
12 20 73
15 13 87
17 12 81
10 13 51
20 14 74
20 12 90
13 19 64
17 11 93
10 12 88
20 17 79
19 18 100
13 15 72
15 18 52
14 11 94
20 14 63
20 18 100
14 14 62
11 11 61
20 13 91
11 16 65
14 16 69
20 14 68
19 10 100
18 18 79
16 14 99
11 11 82
18 18 60
18 17 81
11 12 64
14 14 83
12 17 90
10 14 60
16 14 100
19 12 63
16 19 89
19 13 94
17 15 77
18 18 84
11 15 61
14 16 56
19 15 90
14 11 51
19 16 74
18 15 66
16 10 83
16 14 68
18 19 78
14 15 60
16 17 89
15 18 73
16 12 95
13 19 94
13 19 89
10 11 55
11 17 82
10 14 91
18 16 84
17 11 66
12 17 97
19 15 64
15 10 78
17 10 70
18 12 74
18 10 97
16 19 85
20 18 68
12 11 91
18 16 55
20 14 63
18 20 78
12 13 99
11 15 84
12 12 70
12 15 52
17 14 75
14 20 78
12 19 66
19 14 65
15 13 82
16 16 81
10 18 65
20 17 63
17 20 55
12 18 55
16 11 61
17 12 64
20 17 75
19 19 64
18 11 86
16 14 61
17 16 93
17 16 67
14 14 79
14 14 57
17 10 78
10 17 95
18 19 79
19 17 75
15 20 61
15 16 58
14 14 55
15 10 64
12 16 87
20 18 72
10 19 50
13 20 77
13 18 94
17 11 56
18 11 74
12 18 79
13 20 83
18 16 62
10 17 100
20 13 50
17 18 56
14 19 94
18 15 85
10 16 57
16 15 58
18 12 59
12 12 78
19 17 57
14 10 87
17 13 80
13 10 98
12 13 99
12 12 92
15 13 78
14 20 78
13 10 92
16 18 69
13 14 61
10 14 94
12 10 51
19 13 99
12 19 81
12 17 98
14 16 89
10 17 91
17 15 71
20 11 76
15 12 65
10 19 55
12 13 91
14 16 98
11 14 75
14 19 69
16 16 88
16 18 61
11 15 55
17 14 82
10 14 62
13 13 89
15 10 79
13 17 61
16 11 70
10 13 68
14 19 65
16 13 98
10 20 71
17 10 100
10 20 66
18 20 81
10 15 50
15 12 71
17 10 75
15 17 79
17 19 56
17 17 69
19 10 50
14 13 79
20 10 71
10 14 73
13 12 100
15 17 70
15 11 79
11 12 71
20 18 56
19 17 58
17 17 62
20 11 80
19 17 59
14 15 99
10 11 66
18 15 99
16 17 82
14 11 90
20 11 60
10 11 85
19 13 85
10 17 90
15 12 70
10 17 66
14 15 69
19 15 51
18 11 55
20 11 70
12 14 95
12 20 84
15 15 76
17 13 71
20 13 56
18 14 63
16 19 95
10 20 75
12 13 81
13 16 79
10 10 96
13 15 50
19 20 93
13 14 73
19 11 59
16 10 51
13 18 69
18 18 91
19 11 80
17 17 100
18 12 79
17 14 52
17 16 81
17 13 71
16 16 80
15 17 86
20 17 86
19 15 66
19 10 67
15 17 62
15 11 78
18 10 52
13 17 94
16 13 71
20 14 78
19 17 59
11 10 84
20 19 69
18 18 56
15 12 50
16 14 98
16 20 59
15 20 98
20 13 74
12 12 96
17 15 96
17 17 83
19 12 83
20 12 88
10 11 73
12 10 89
19 10 64
17 11 70
15 14 91
19 15 84
18 10 81
20 20 77
15 14 84
14 11 94
17 10 84
17 14 61
11 13 65
13 17 99
14 17 79
13 10 72
10 14 77
18 16 51
16 15 70
19 15 91
18 19 70
13 16 83
12 10 64
19 19 70
13 17 96
12 18 75
10 14 52
10 13 90
15 19 52
11 13 52
17 19 72
12 18 65
17 11 95
14 11 64
10 18 77
16 19 59
19 13 86
10 12 65
16 18 96
12 11 78
18 17 71
15 17 66
10 13 86
18 10 85
15 16 96
18 15 61
10 13 50
13 18 74
10 13 86
15 18 67
13 15 83
10 10 54
18 19 66
14 11 77
10 16 72
16 16 100
18 13 82
18 10 67
11 16 52
12 10 76
13 20 52
10 18 66
17 13 99
12 11 81
19 10 53
15 20 86
12 18 68
11 19 87
16 14 67
12 13 53
12 13 96
17 15 65
12 11 62
12 12 93
15 12 77
16 15 97
17 15 96
20 17 98
20 20 97
18 20 68
19 17 98
17 15 82
10 19 79
14 16 88
12 19 78
11 17 62
14 16 96
12 15 50
10 12 58
19 11 67
12 19 73
12 20 92
13 15 58
18 10 92
20 17 78
13 12 70
10 13 85
10 18 53
13 18 79
13 20 83
19 17 82
13 10 85
14 17 99
12 14 67
16 14 93
10 14 86
14 19 50
12 12 94
13 19 66
14 20 55
16 19 63
19 20 85
13 13 59
15 14 85
11 10 85
10 10 70
16 12 91
13 18 70
18 14 83
10 19 97
10 17 92
14 12 68
17 18 67
20 14 76
11 16 100
13 19 92
19 15 72
10 20 87
15 19 84
13 12 59
14 15 78
11 18 50
13 16 76
15 15 98
18 18 86
17 14 74
16 14 50
13 17 90
12 15 56
13 17 71
17 13 57
18 16 81
13 10 87
20 10 59
19 18 71
13 10 76
13 10 93
18 16 52
19 19 88
17 11 71
13 19 55
12 17 79
17 18 92
14 17 98
14 10 53
11 15 80
12 13 75
10 10 54
11 12 79
19 14 77
13 17 80
16 14 90
11 19 63
19 15 90
19 12 88
16 13 62
17 15 86
18 20 60
17 20 64
16 12 66
18 15 51
20 18 89
19 15 70
19 19 95
11 16 56
10 18 62
20 19 60
14 20 72
15 16 99
10 10 60
13 10 80
13 15 77
16 11 72
15 17 74
18 17 82
15 10 56
14 14 56
19 10 88
11 12 79
12 18 71
20 12 54
19 20 53
11 19 76
13 10 77
10 10 91
17 19 81
16 12 83
17 16 57
18 14 64
15 19 52
14 18 69
19 11 88
17 10 93
11 11 52
13 18 72
17 10 76
12 15 57
19 15 71
18 13 64
14 18 56
13 17 60
20 12 95
18 10 73
13 19 79
13 17 74
11 14 95
15 20 97
20 15 96
10 18 71
18 18 80
11 16 92
17 19 70
20 18 60
14 18 73
14 10 59
16 18 73
17 18 90
13 15 89
19 18 51
12 10 79
13 15 54
15 10 100
14 12 53
19 17 84
17 10 96
17 14 75
14 12 65
20 10 96
18 14 61
12 18 65
18 13 56
11 15 55
12 17 77
10 11 99
10 11 90
15 10 87
10 13 92
16 11 60
11 15 89
11 10 90
13 13 73
13 17 93
17 14 88
10 14 84
14 20 63
20 16 70
18 17 97
15 14 77
12 18 90
20 14 92
14 14 83
17 11 69
18 20 75
15 14 72
11 17 55
11 12 53
15 20 84
18 11 62
16 13 92
17 17 73
12 18 70
12 13 58
11 18 68
11 13 50
10 11 70
15 10 94
13 17 87
16 16 74
18 13 71
12 19 82
19 14 100
17 10 98
12 10 96
20 18 73
16 11 93
14 10 76
16 17 60
19 16 63
13 20 76
12 14 80
16 16 95
19 12 82
17 16 70
13 14 52
17 14 81
13 11 84
15 14 87
12 20 75
18 15 97
16 16 50
19 19 52
20 12 63
11 18 95
10 14 94
17 12 57
20 17 90
17 13 62
17 20 73
12 15 85
15 20 51
12 18 96
15 14 81
14 10 95
14 14 79
13 20 88
13 17 63
15 10 91
16 14 95
19 10 56
13 19 63
11 11 93
10 18 75
18 11 57
13 17 100
17 10 61
16 16 67
19 20 72
11 19 73
20 15 78
13 12 60
11 13 86
20 14 53
11 19 67
11 10 65
19 15 83
15 14 87
13 17 92
10 10 99
10 17 79
11 16 81
17 15 61
12 13 88
15 14 97
17 16 87
13 19 55
15 13 93
15 16 64
15 16 56
15 17 86
20 14 72
16 13 62
17 13 99
19 12 51
16 20 82
10 18 55
12 14 81
18 18 94
16 20 64
11 13 83
10 15 93
12 16 100
18 19 82
19 10 72
14 10 90
16 15 75
11 13 99
13 14 75
19 20 96
10 10 75
14 12 80
17 13 74
11 16 76
14 18 67
17 14 97
13 11 73
17 11 52
16 18 100
