5000 5000
10 8
7 8
9 6
1 4
9 8
4 5
6 1
9 9
3 9
10 7
5 2
1 2
3 6
5 2
5 6
10 3
8 2
9 8
2 8
4 3
2 8
5 8
3 2
7 7
10 6
5 10
2 6
5 8
10 6
8 8
4 10
10 5
7 6
4 4
2 8
2 4
8 7
10 6
8 5
7 2
9 5
7 10
9 3
4 5
5 1
1 2
3 5
1 1
9 4
9 4
7 2
7 3
3 9
3 10
6 10
6 8
10 10
4 3
10 1
1 5
4 3
6 9
4 3
2 7
2 1
4 6
1 7
3 4
3 4
2 8
3 1
9 3
7 4
10 9
1 9
6 10
1 5
6 1
10 10
8 6
3 4
7 2
4 7
3 1
7 7
7 7
9 9
9 8
1 3
9 2
7 1
10 3
4 8
3 5
6 1
4 4
6 3
1 8
3 1
8 6
3 2
7 8
8 1
6 3
1 1
6 2
6 3
10 2
4 3
8 5
10 4
6 6
8 7
8 9
4 6
8 8
5 10
10 5
9 6
9 5
7 3
7 4
7 7
4 3
7 1
1 5
7 2
2 3
9 7
5 6
4 2
6 2
5 4
3 4
8 4
6 9
1 4
1 9
4 6
6 5
10 9
10 2
5 6
6 1
10 6
10 8
8 8
3 3
7 9
9 5
1 2
9 2
1 4
1 2
5 2
6 3
8 5
6 10
9 1
8 10
4 2
9 7
5 1
10 9
7 6
4 10
4 3
5 7
7 3
7 6
9 6
5 9
2 7
6 4
3 3
4 10
2 10
9 6
5 5
8 9
2 6
6 5
8 6
7 8
6 5
10 9
8 6
8 4
9 9
8 10
10 8
1 9
5 6
3 6
7 1
8 8
3 2
7 5
4 9
10 5
4 5
9 3
10 10
1 5
3 7
8 7
6 6
7 8
1 9
5 10
2 3
1 5
7 5
3 2
5 1
8 1
5 8
9 6
3 3
2 9
4 9
1 10
3 7
1 8
3 4
5 1
8 7
7 7
3 1
6 1
10 7
5 2
10 5
9 5
7 3
4 3
6 4
5 4
2 9
3 8
3 6
6 2
3 4
6 7
6 3
9 4
9 3
4 5
2 5
2 10
6 5
7 1
3 2
2 1
6 3
4 1
10 8
5 1
1 10
1 5
3 10
3 7
8 4
8 6
3 2
9 9
8 1
5 2
5 6
10 8
2 6
3 2
10 4
1 10
2 3
3 6
9 3
7 5
8 4
10 6
4 9
9 4
10 3
9 2
5 8
8 5
10 3
9 8
10 2
1 2
1 9
10 6
7 8
1 5
3 2
10 10
6 9
2 10
9 8
5 8
8 3
3 1
8 1
7 10
5 6
1 4
2 2
2 3
6 7
3 3
1 6
2 7
9 8
3 1
10 9
6 7
9 2
1 4
9 2
4 1
7 4
1 3
9 3
8 2
4 2
2 9
1 5
3 6
10 6
7 2
6 2
7 9
7 3
8 7
8 10
4 4
2 4
4 3
4 3
5 3
1 1
7 8
1 4
3 2
7 6
10 8
10 4
7 7
10 10
7 3
5 5
2 3
4 7
3 8
4 5
7 5
2 8
8 4
2 8
3 9
6 8
10 4
2 8
9 6
2 3
3 3
5 1
10 1
5 7
10 10
10 6
7 3
10 2
10 9
6 9
4 3
6 7
1 6
2 8
10 1
2 1
8 1
1 6
2 8
10 3
8 2
2 1
5 9
3 2
10 2
3 2
2 2
3 5
3 3
8 10
3 9
2 5
1 9
9 1
9 4
1 10
2 10
2 5
9 7
6 4
8 3
8 1
1 5
1 5
6 10
4 10
5 1
2 8
4 3
3 1
9 10
4 8
6 7
4 9
9 5
4 2
7 2
7 2
1 9
2 10
10 3
2 10
5 1
1 1
7 10
7 8
8 10
5 4
7 5
1 5
3 5
9 1
3 2
8 6
6 9
4 7
8 9
6 6
1 3
5 9
8 3
10 6
5 9
2 9
6 8
4 10
5 2
9 3
3 2
2 10
1 8
10 1
10 4
5 6
10 10
2 6
9 8
6 9
3 5
7 1
10 8
10 1
7 8
2 8
8 1
1 8
1 8
3 9
6 5
10 10
9 2
10 6
9 7
4 5
4 4
1 9
10 6
9 4
6 2
3 4
5 7
1 7
7 6
6 2
6 1
5 10
3 2
5 10
6 5
9 3
7 9
3 10
10 6
7 8
6 10
6 3
3 10
4 1
4 6
7 3
8 4
6 3
5 2
6 5
1 4
3 8
3 3
3 7
1 8
8 9
8 2
8 7
3 6
1 6
8 5
9 10
2 7
6 5
5 10
4 5
10 1
3 5
8 8
4 9
10 4
10 10
3 1
6 9
7 2
10 7
4 7
8 9
6 1
8 8
5 5
7 10
9 8
2 6
9 2
8 8
4 1
2 8
10 10
4 4
6 2
8 5
6 9
1 10
4 9
5 9
2 5
7 3
4 7
10 5
7 10
8 6
6 1
10 1
6 10
2 10
1 7
8 7
9 1
10 3
4 10
2 9
10 10
8 4
6 7
5 6
9 7
8 3
1 9
10 1
2 1
7 2
3 10
5 2
9 4
6 8
3 6
8 1
3 5
2 3
8 3
3 7
7 6
2 7
1 7
7 2
10 8
6 9
9 10
10 7
2 10
2 9
10 10
5 3
8 3
3 7
2 2
3 9
9 4
2 2
3 4
9 3
5 6
4 10
6 5
9 4
3 4
6 2
6 10
2 5
9 7
9 1
5 10
9 6
6 3
4 6
1 8
10 8
8 1
4 4
7 10
6 8
7 3
4 1
1 3
7 1
6 5
2 7
6 1
10 3
10 3
5 8
3 7
7 3
5 9
4 5
10 8
10 3
1 10
9 7
6 2
5 3
4 10
8 1
10 2
3 10
3 3
10 9
1 6
10 6
7 3
1 6
6 7
4 10
4 8
4 9
5 5
5 7
1 6
1 7
9 2
5 8
1 6
7 10
7 10
4 10
6 8
9 6
1 6
10 4
10 10
8 10
1 1
9 6
3 4
7 10
7 8
6 6
10 2
6 7
1 9
7 9
3 1
9 10
8 10
7 5
4 2
5 9
5 4
5 6
1 9
3 4
1 10
5 10
10 2
7 4
7 5
7 5
1 4
4 10
2 7
8 10
5 5
3 2
2 8
3 2
4 4
10 8
9 8
8 6
5 10
9 3
7 3
6 3
2 10
1 7
7 10
10 6
10 6
3 6
7 5
1 3
4 10
4 2
4 1
2 8
7 1
1 9
8 5
2 8
4 10
3 3
9 8
4 8
4 1
9 1
9 2
3 8
8 7
8 4
5 5
10 8
1 4
6 7
10 5
8 5
1 10
4 6
3 9
9 7
8 7
1 3
1 9
9 6
8 6
4 4
2 3
3 6
9 10
6 1
4 1
7 5
8 5
8 9
6 7
3 8
4 10
5 1
10 4
1 3
1 10
8 2
3 7
9 6
3 2
2 8
1 5
6 9
6 2
2 7
1 9
2 8
8 5
7 9
9 3
8 3
6 7
7 2
9 6
9 2
1 6
1 1
3 4
9 2
1 10
1 7
7 6
4 3
7 4
10 2
7 5
6 5
1 8
8 1
5 9
9 6
2 5
3 6
7 5
7 10
8 9
4 9
1 5
2 9
5 2
8 10
10 5
10 6
9 1
6 4
7 7
4 9
7 2
4 5
3 4
7 1
6 8
10 3
1 2
4 3
5 1
7 5
2 3
3 6
2 3
9 3
8 9
2 2
7 9
6 7
1 10
10 2
1 6
5 9
7 10
9 3
6 7
6 1
1 7
5 5
1 3
5 4
10 4
8 5
3 3
7 2
5 7
9 4
2 9
3 3
8 1
8 9
9 3
8 7
10 7
9 7
5 8
4 10
1 3
1 9
9 10
2 10
2 5
5 7
8 5
1 8
9 2
3 2
10 8
6 6
5 8
4 9
4 7
1 2
5 3
10 7
6 7
9 1
9 1
9 2
7 10
6 3
1 8
4 1
9 2
9 4
1 6
10 6
9 6
4 5
3 3
10 6
4 6
5 1
10 8
1 5
6 8
9 5
10 1
3 2
3 6
6 6
9 5
9 2
9 4
10 8
8 4
4 8
1 2
8 3
8 5
8 10
6 5
9 10
6 3
5 9
2 9
3 8
9 1
8 4
8 6
5 2
5 1
3 6
9 3
3 4
2 8
4 1
3 6
8 1
1 10
2 2
3 5
4 1
4 3
2 5
7 3
7 5
7 6
6 5
7 1
9 8
1 6
7 2
9 7
2 8
3 10
2 3
5 4
9 4
1 1
7 3
8 6
1 8
9 9
5 4
3 1
10 1
9 9
6 6
8 1
4 7
4 6
8 9
10 10
5 6
5 4
4 10
9 3
10 9
9 8
7 4
8 1
6 8
5 2
3 7
1 2
8 10
10 6
3 9
4 1
9 6
2 2
6 8
10 9
3 3
7 6
6 7
4 8
7 1
1 3
10 10
1 3
3 8
4 2
6 8
3 1
10 8
10 2
9 8
6 7
3 4
1 9
5 8
4 8
8 8
5 7
3 2
10 6
7 5
6 4
3 2
10 2
9 6
10 9
7 10
4 5
3 4
6 8
2 4
5 3
7 3
2 4
10 10
8 5
3 2
1 5
5 6
9 10
3 6
10 9
1 1
2 7
6 3
1 2
9 3
4 1
7 1
6 10
10 5
9 4
4 8
8 2
9 5
5 9
10 10
5 3
8 9
8 10
10 10
10 3
7 6
3 4
7 7
8 5
6 1
7 6
7 3
10 1
10 7
4 2
7 8
3 9
1 10
9 6
4 1
1 5
8 6
10 1
4 6
2 6
3 6
2 10
10 3
4 9
8 6
1 8
9 6
7 6
7 7
8 2
9 7
3 6
2 9
4 6
9 3
3 1
8 6
3 4
4 1
8 7
5 7
1 10
6 10
4 8
6 5
5 3
4 3
3 3
6 4
9 4
6 8
2 1
8 1
2 9
3 7
3 5
9 5
3 5
4 6
3 1
5 9
6 10
6 5
9 4
8 3
1 8
4 8
8 9
5 7
9 1
4 4
1 8
9 8
8 4
3 9
5 1
2 6
9 7
3 7
4 9
2 6
1 9
9 3
1 6
8 8
5 2
1 3
2 7
9 10
8 8
5 5
4 3
4 6
7 6
6 7
8 9
4 8
5 3
10 2
8 9
7 2
9 1
10 4
3 8
1 4
8 9
6 9
9 5
10 5
6 2
10 9
7 2
7 1
6 6
5 5
2 4
9 1
2 7
9 4
10 1
6 10
1 3
1 6
2 7
4 8
4 3
5 7
4 8
9 6
2 5
3 2
1 1
6 8
1 6
4 9
10 9
8 2
3 1
8 10
8 9
7 8
6 10
7 5
9 4
9 10
8 9
10 2
6 1
1 6
6 9
6 2
1 6
4 10
4 3
7 10
4 3
4 5
1 3
8 5
1 5
2 8
7 1
3 5
9 10
8 2
2 9
3 7
3 3
8 1
7 3
7 6
7 4
2 4
4 9
4 10
5 3
4 2
9 9
10 6
9 6
3 2
2 4
8 5
8 6
5 6
8 4
8 10
2 3
1 6
1 8
8 2
7 2
9 3
10 6
9 10
2 8
1 10
8 5
6 9
5 7
9 8
9 6
9 3
7 5
9 8
3 9
10 1
5 5
4 10
10 9
3 5
1 9
7 8
10 10
6 1
5 8
3 9
10 4
5 7
4 5
1 7
4 5
9 8
5 6
4 7
5 7
5 7
10 9
4 8
5 5
9 3
2 1
2 9
4 2
1 8
2 3
1 8
2 7
3 7
4 6
4 7
7 2
5 9
4 4
3 7
9 10
3 10
6 10
6 9
10 3
7 10
6 8
6 2
9 1
8 5
2 5
1 10
3 3
6 7
10 6
1 4
3 5
5 7
8 10
9 7
7 5
6 3
9 1
4 2
10 5
9 2
8 9
7 9
8 2
1 2
10 2
1 2
10 1
1 5
1 8
8 5
6 6
9 4
9 5
8 10
8 8
1 2
7 2
1 2
3 1
7 7
2 6
3 6
5 6
10 1
10 8
9 3
8 7
8 10
2 10
3 9
8 3
6 8
9 1
9 7
2 1
7 4
2 4
5 8
7 6
5 7
4 3
6 10
4 10
7 6
9 10
4 10
7 3
8 8
2 10
1 10
6 3
8 7
5 1
4 7
4 2
6 8
9 7
4 4
8 2
9 1
6 5
2 8
7 8
3 10
8 8
3 8
7 4
4 3
9 10
2 8
6 7
1 7
2 6
7 8
4 3
2 9
9 1
7 1
2 2
1 10
1 8
1 5
9 7
8 6
2 3
4 1
10 7
2 8
8 4
1 8
2 7
6 6
6 2
7 1
10 10
4 6
8 9
6 2
8 7
6 4
10 1
7 10
3 4
7 9
10 8
6 5
3 2
9 10
7 8
10 3
7 7
10 8
8 10
8 7
10 6
5 10
6 3
9 7
3 5
9 10
4 7
1 5
4 9
10 9
2 4
7 6
4 3
9 2
1 6
5 8
8 6
8 2
3 8
10 6
6 7
10 5
7 10
10 5
1 7
2 1
1 9
4 8
6 10
6 1
5 2
2 5
6 6
5 5
4 7
5 3
4 2
1 5
3 8
2 8
9 2
6 2
8 7
6 9
6 2
7 10
9 2
9 6
4 6
7 5
4 6
10 2
8 2
6 6
9 1
4 10
2 3
5 7
7 7
7 10
3 3
7 8
10 9
5 9
10 3
8 10
8 6
7 9
1 9
7 10
10 6
5 7
6 9
8 9
8 6
3 8
8 6
6 5
3 7
10 5
1 4
5 5
7 4
2 3
3 7
5 9
6 9
3 10
4 3
1 5
3 10
9 1
5 3
4 7
9 9
2 3
8 5
2 10
10 6
7 4
7 10
8 7
10 8
8 4
6 8
4 8
2 6
10 4
3 1
3 3
3 5
3 6
1 1
3 1
9 6
3 4
7 5
2 9
6 4
7 7
3 9
8 4
7 10
7 7
8 5
2 10
10 1
10 10
7 5
8 4
9 8
8 9
1 10
7 6
10 6
5 3
2 7
6 1
7 6
4 1
3 10
7 6
2 2
6 4
9 4
6 10
4 1
5 10
7 7
7 2
7 4
10 9
1 1
3 7
8 5
1 5
10 2
7 6
9 6
9 5
1 10
6 6
3 8
5 10
3 2
7 4
8 7
6 5
3 2
6 1
1 9
1 4
7 3
3 3
8 2
5 10
7 8
6 5
10 9
4 2
4 1
1 5
7 9
2 4
4 6
7 5
9 9
10 2
1 5
5 4
3 1
3 5
6 5
3 7
4 4
10 9
9 6
9 7
5 9
4 4
8 2
2 7
4 10
2 8
6 3
10 8
4 7
1 6
5 3
8 9
8 3
5 5
7 8
10 5
7 1
4 6
3 6
3 8
6 9
8 4
4 9
1 3
5 8
7 2
2 4
4 8
9 2
7 4
7 9
1 1
6 5
6 7
2 1
5 6
8 4
5 6
5 3
4 2
2 1
8 6
2 9
2 5
8 6
4 2
6 3
8 5
2 6
3 7
2 3
1 9
7 1
4 8
2 1
10 7
10 8
7 9
7 6
6 10
10 1
7 1
9 10
8 8
5 6
6 10
1 7
5 1
2 4
5 2
10 3
8 7
2 2
8 9
7 1
2 6
2 6
5 1
5 1
10 7
1 3
6 9
4 2
10 1
3 3
9 8
10 9
2 7
9 7
4 7
9 6
9 6
3 3
6 2
5 4
4 4
10 4
3 10
3 4
6 8
4 5
6 3
5 3
8 2
2 7
3 1
5 9
2 1
10 4
7 2
6 8
7 1
9 3
2 7
2 1
6 5
6 10
10 8
9 6
1 9
9 5
8 5
10 3
3 9
2 4
1 3
5 6
9 6
9 1
7 5
4 2
9 9
1 3
4 4
10 5
2 8
2 2
7 2
1 9
10 4
3 1
8 2
6 7
4 10
2 5
1 3
5 10
1 1
8 9
7 8
2 6
1 3
9 2
10 5
8 1
2 8
9 4
7 6
8 5
2 6
5 10
4 3
4 7
2 2
4 5
2 2
8 7
7 2
7 4
6 2
5 2
4 6
4 5
8 3
9 4
5 7
5 6
4 7
9 5
7 9
3 10
7 3
1 8
4 4
1 4
9 7
3 10
3 2
9 4
7 2
9 6
1 1
7 5
6 7
3 10
3 7
9 10
10 7
7 7
8 9
10 8
9 9
8 7
10 10
10 2
5 4
3 3
8 5
2 9
5 7
3 1
3 8
5 6
1 10
6 4
4 7
4 3
3 6
9 6
8 6
9 10
10 2
2 7
6 2
3 1
8 7
8 3
1 9
8 1
7 2
7 4
1 3
2 6
1 9
7 7
8 1
2 4
5 7
4 2
6 4
3 2
6 1
1 10
5 2
7 2
4 1
8 4
4 1
9 3
6 8
5 6
2 2
2 5
9 3
4 4
5 5
3 2
10 8
8 9
4 9
1 10
2 5
5 8
4 5
2 8
10 9
1 6
9 6
2 5
3 1
4 9
5 4
3 9
6 6
4 4
10 6
4 6
9 8
2 9
6 10
3 4
10 5
5 2
3 1
7 6
10 8
5 6
8 1
9 3
9 9
10 6
5 5
5 6
3 8
3 7
7 1
2 9
7 2
10 8
8 10
5 8
9 5
5 3
1 2
9 9
1 7
7 8
7 3
8 9
2 5
4 8
6 6
9 4
9 6
5 10
4 10
3 6
9 4
10 5
3 5
3 8
7 2
6 6
2 1
8 5
6 10
6 1
7 3
4 2
3 4
8 9
7 2
4 6
3 3
9 5
1 1
2 4
1 6
6 8
10 1
5 2
10 6
1 8
9 5
8 8
4 10
10 8
5 10
1 3
9 2
6 2
8 2
5 10
8 10
10 2
6 6
7 9
9 2
7 8
2 8
6 3
3 1
3 1
5 4
3 2
6 3
1 1
2 9
5 9
9 6
3 6
7 3
5 5
7 8
6 5
6 8
7 3
7 2
8 10
2 4
10 3
9 3
5 3
7 1
7 4
6 3
6 5
3 5
6 10
8 9
9 5
4 7
2 7
2 1
5 5
10 4
8 9
2 1
10 3
7 1
9 4
8 2
8 3
9 9
3 9
6 1
8 6
3 9
7 4
8 7
4 8
2 5
4 6
2 4
10 2
1 10
5 8
6 2
5 3
1 6
10 4
2 4
9 7
4 8
7 10
1 7
5 5
2 9
6 1
9 7
3 10
4 9
9 10
7 10
10 2
8 10
1 4
4 9
2 3
5 7
5 4
7 4
10 10
5 2
9 2
6 9
1 10
9 7
1 4
9 9
9 5
8 2
7 4
9 2
1 7
6 1
4 8
2 10
2 2
8 8
9 10
9 3
9 9
8 2
9 10
9 9
4 7
3 10
10 6
2 3
7 4
6 9
3 4
2 7
6 7
8 10
9 6
9 7
8 8
5 8
5 4
2 6
8 4
1 6
6 9
5 4
7 7
6 3
8 6
9 5
6 9
6 7
1 9
8 3
8 2
4 4
4 7
1 4
1 8
8 1
1 7
3 7
5 7
3 6
3 7
1 9
4 9
1 7
9 7
8 4
4 10
3 8
1 8
4 7
4 4
4 9
4 9
9 7
8 3
5 5
5 6
4 4
4 6
7 9
1 2
9 10
4 2
5 7
10 2
4 1
7 8
1 2
5 9
5 5
9 10
3 3
9 3
8 1
5 9
2 8
9 6
4 6
7 5
8 8
8 10
1 5
4 2
5 9
10 4
4 6
5 3
8 9
7 5
7 5
10 9
8 5
7 2
1 1
7 8
1 3
2 2
4 3
3 2
2 3
3 8
8 6
10 8
5 9
7 9
1 4
8 3
6 10
2 3
8 10
7 6
4 3
8 9
9 7
8 2
7 8
8 6
10 9
5 8
3 1
9 5
3 6
7 4
1 10
1 10
8 2
2 1
4 1
10 1
5 6
1 2
5 7
4 5
7 4
2 2
1 5
2 9
8 3
6 5
2 5
4 3
10 3
4 8
1 8
7 3
3 2
7 9
7 8
1 1
6 5
1 5
4 10
7 4
2 2
6 8
4 3
9 1
9 9
8 10
10 9
5 5
3 1
5 5
2 8
3 6
4 6
8 2
2 2
6 2
3 3
9 10
9 4
1 5
10 10
9 6
1 5
3 7
3 4
2 8
8 6
4 9
2 10
1 8
3 1
5 6
4 7
1 9
2 10
5 8
6 9
9 10
3 5
8 6
2 8
6 5
2 2
2 3
9 6
8 4
6 5
7 10
9 8
10 7
4 2
10 4
8 3
3 3
6 2
10 10
7 5
1 6
5 4
2 10
9 3
4 4
10 7
5 9
8 9
5 9
1 9
8 10
1 7
4 4
3 3
5 1
10 1
5 9
5 9
9 4
5 6
10 5
5 2
5 4
8 6
5 6
7 2
7 6
3 5
4 4
2 4
5 1
6 6
5 6
10 9
9 7
1 5
5 2
3 5
7 9
5 8
9 7
10 1
2 3
2 10
10 3
9 2
8 4
3 8
8 2
1 7
5 4
5 2
3 5
6 3
2 2
8 10
6 2
3 5
3 7
9 8
4 6
10 2
6 2
2 3
9 6
6 6
9 10
4 5
10 2
3 1
2 10
7 9
1 9
4 4
8 1
2 7
9 8
4 10
5 6
6 8
6 10
6 2
5 3
9 3
10 7
1 10
6 3
8 5
3 2
4 6
7 10
10 7
5 10
4 7
2 6
9 9
1 1
7 1
4 6
4 9
6 9
1 2
4 7
8 3
5 9
4 1
6 2
2 1
1 2
5 8
8 9
7 10
4 7
9 9
9 6
6 7
3 1
10 5
8 6
2 8
10 8
2 10
9 4
6 8
6 4
2 4
10 1
4 8
4 1
10 5
10 5
6 4
4 4
8 10
3 7
2 6
6 10
5 2
10 3
6 7
7 1
6 7
6 3
5 2
6 6
8 6
9 6
2 4
10 7
9 6
8 7
1 6
6 1
1 7
5 5
2 4
7 6
7 5
5 4
2 10
1 10
5 6
6 2
2 3
3 5
3 9
8 7
5 6
3 6
1 1
1 3
8 1
2 8
5 7
10 6
1 7
9 8
2 10
8 9
3 5
10 8
5 7
5 6
4 7
8 2
3 6
3 7
9 7
6 1
3 8
2 5
7 9
4 7
1 2
10 3
1 8
1 1
9 8
5 7
5 4
6 10
8 2
7 2
10 10
10 9
9 10
9 7
5 8
10 2
10 7
4 4
10 10
7 7
7 3
10 3
7 1
4 3
5 1
5 8
4 10
10 3
5 9
5 2
3 5
7 7
7 6
2 9
2 6
8 5
8 6
4 1
8 3
10 2
8 9
10 3
8 6
9 5
8 6
8 2
1 3
7 2
2 4
9 10
2 7
6 9
4 1
6 3
5 9
4 5
7 10
7 7
8 8
7 8
8 3
10 4
7 10
9 6
2 3
4 3
2 9
9 4
7 5
5 6
3 5
7 5
3 9
2 9
7 5
2 7
6 1
9 5
7 1
10 8
3 6
9 2
9 6
2 4
5 10
1 9
3 5
7 2
5 1
8 5
3 8
6 7
5 6
2 10
4 8
8 10
7 1
3 4
3 7
3 7
5 3
3 3
6 3
6 3
8 5
7 3
9 10
9 7
9 4
9 7
3 5
1 4
6 8
4 8
4 7
6 10
9 8
2 7
8 5
4 7
1 8
4 4
3 9
1 1
5 4
4 8
8 6
4 4
10 9
4 1
9 9
7 4
10 9
7 3
10 7
10 3
8 4
3 6
3 9
3 1
9 7
2 6
8 8
3 1
3 2
3 7
7 10
7 7
6 6
7 9
1 3
6 7
10 5
8 7
9 4
1 6
5 3
7 9
8 1
9 2
4 8
6 8
5 3
10 9
10 6
8 7
4 5
10 10
10 8
1 3
1 10
6 10
2 10
3 10
10 6
5 9
2 7
4 9
7 2
10 3
7 9
6 8
8 5
3 8
9 5
1 3
8 8
6 4
8 5
6 6
3 2
3 5
7 9
9 2
5 5
2 8
10 10
1 6
4 1
4 7
6 9
9 6
6 4
2 5
8 8
6 5
4 10
4 2
1 10
5 7
5 9
3 4
8 10
4 7
3 7
2 9
5 3
9 7
10 1
9 6
2 5
1 1
4 2
3 3
4 9
6 6
7 5
3 1
8 4
3 4
2 6
8 4
8 1
6 9
6 5
1 5
7 5
2 6
1 9
3 2
9 3
7 3
7 2
4 4
10 1
2 3
9 3
4 3
7 7
8 9
9 4
1 6
5 5
5 9
4 6
3 1
2 10
2 6
10 7
1 6
3 2
8 3
5 5
2 6
5 1
3 9
7 1
2 9
9 1
4 4
8 9
6 3
2 6
9 8
7 6
3 10
2 5
8 5
1 8
4 7
10 10
6 3
9 7
7 4
2 2
3 3
6 7
6 8
9 3
4 7
4 2
5 5
3 6
3 10
2 6
4 2
3 7
7 4
4 6
1 9
10 8
4 3
10 6
10 3
1 8
2 10
3 5
5 8
3 10
7 4
4 3
7 4
7 6
5 10
9 5
10 3
5 1
5 2
1 3
10 5
4 2
3 5
4 3
10 7
7 5
4 1
10 9
8 1
1 5
7 4
9 6
3 4
1 7
9 7
7 2
2 9
1 3
4 2
6 4
4 4
3 3
2 7
9 10
3 3
2 10
4 6
2 10
10 7
5 5
5 7
5 5
6 5
10 7
6 2
1 8
5 2
8 7
5 6
8 9
6 6
9 8
6 10
2 6
3 5
10 3
6 8
3 1
6 2
2 5
8 7
1 4
4 8
9 4
10 2
9 1
4 4
10 5
6 9
8 8
6 4
5 10
8 5
10 2
8 2
6 2
8 8
4 2
6 6
10 10
4 7
7 1
1 9
9 10
7 3
1 3
7 4
1 7
9 3
10 3
2 7
5 6
10 6
9 9
10 5
8 7
5 6
4 7
7 8
4 3
9 10
3 4
4 4
3 4
3 5
10 7
6 2
4 7
8 3
3 6
8 7
4 4
4 5
3 9
2 7
1 6
1 8
6 9
4 3
10 6
2 2
1 4
5 9
7 2
1 8
8 4
4 2
4 10
1 6
7 10
5 1
7 10
1 7
3 4
9 1
10 8
4 2
3 4
1 4
4 4
10 6
9 3
8 1
5 9
4 1
6 10
4 6
10 3
9 2
2 7
6 4
4 3
6 10
6 1
8 2
10 6
5 9
4 3
7 10
10 5
4 9
5 9
10 9
5 10
6 8
9 4
5 1
4 4
4 6
9 9
9 1
3 2
9 2
10 7
4 7
2 4
4 2
7 4
6 8
3 3
9 7
1 4
10 7
5 2
7 2
8 4
3 5
1 1
8 5
8 10
2 4
2 3
10 3
4 1
8 7
4 2
9 1
9 10
7 9
8 4
4 3
9 1
2 1
10 7
1 2
2 6
9 7
3 7
6 4
10 2
2 1
2 3
3 4
9 7
8 3
8 9
2 3
3 3
9 5
9 10
2 5
10 8
4 5
3 4
9 6
1 10
4 2
6 5
10 2
1 5
2 5
9 9
7 7
6 3
7 4
2 9
5 7
3 3
2 9
7 1
9 6
8 7
10 10
7 3
3 10
6 10
7 5
7 7
7 9
2 4
9 8
5 4
6 1
4 2
7 7
8 9
5 4
7 2
8 4
3 1
2 8
7 2
8 9
5 3
1 7
4 1
6 9
7 9
1 1
3 1
3 4
1 4
5 2
10 4
2 7
7 3
9 2
7 1
6 9
6 1
6 1
1 2
2 6
10 5
4 1
2 3
7 4
5 10
2 1
1 9
6 2
8 3
2 2
9 3
9 9
4 2
6 7
5 1
10 4
2 3
5 3
8 6
9 10
2 3
8 4
5 3
8 9
6 8
2 10
3 6
8 4
10 8
7 5
4 9
10 6
1 3
9 4
7 2
7 8
3 8
9 7
8 2
3 4
10 2
3 10
8 10
7 6
1 3
6 5
6 5
6 9
1 3
2 5
5 9
1 6
6 7
5 7
6 3
7 3
2 5
9 1
4 1
4 8
1 4
6 7
4 10
7 10
4 10
2 4
2 8
4 5
9 9
5 6
7 5
2 4
5 6
5 6
8 4
9 6
8 7
5 3
6 10
8 3
8 6
1 9
9 7
4 8
6 3
2 4
7 4
7 4
9 6
9 9
5 9
6 7
1 7
9 3
4 2
8 7
9 7
8 1
7 1
10 7
1 7
3 6
5 8
4 9
9 7
10 2
9 3
3 3
4 3
2 2
8 9
10 6
6 7
6 6
8 4
1 4
10 1
9 8
3 1
7 5
6 4
6 6
4 2
7 2
6 8
3 4
8 8
5 6
1 1
5 4
4 4
5 5
8 4
9 9
3 6
8 5
5 4
2 5
6 5
7 1
10 3
4 9
6 4
10 6
9 1
6 5
6 9
8 6
8 2
8 5
7 1
5 6
3 8
8 5
7 8
1 6
5 9
1 2
6 6
10 9
6 2
4 10
4 4
8 10
6 9
8 9
3 5
1 5
6 5
10 10
9 4
5 4
8 10
5 3
6 8
1 8
10 6
7 3
2 9
9 8
4 9
5 4
5 4
6 9
2 3
7 1
1 6
2 1
6 9
5 6
8 7
5 7
3 2
7 2
1 4
2 2
8 3
6 2
1 6
5 1
2 3
1 3
1 9
10 4
9 3
6 1
2 3
9 6
7 3
6 7
6 2
1 3
6 1
8 10
3 7
10 4
9 5
5 7
2 3
5 1
8 10
4 10
6 4
6 3
2 10
2 2
5 5
4 1
5 2
7 10
5 5
9 2
9 7
2 3
6 7
2 5
3 9
4 1
5 6
5 5
1 1
10 4
9 3
6 4
9 2
6 10
5 4
6 5
10 4
9 7
5 10
3 1
2 5
3 8
5 1
7 1
1 2
9 10
6 5
5 1
1 6
9 7
1 7
8 8
4 1
8 8
1 10
5 2
1 10
3 5
6 3
9 4
9 9
1 7
10 7
8 5
9 6
4 5
3 10
10 1
9 6
9 1
5 10
4 2
9 8
4 8
8 9
6 8
6 8
9 3
4 1
2 6
1 6
8 1
8 10
5 3
2 8
7 4
6 9
3 1
5 10
10 4
3 9
2 9
2 8
4 10
5 10
3 7
3 3
5 3
7 7
2 10
7 4
2 9
3 8
6 2
3 6
4 7
3 3
10 3
8 7
2 10
1 7
3 4
2 1
5 8
7 1
5 1
10 8
6 6
3 5
5 5
6 7
8 8
3 2
2 9
3 5
10 4
8 9
7 3
7 2
10 10
9 6
8 7
4 6
1 1
7 2
7 1
7 8
3 2
10 2
5 5
2 1
9 9
5 5
6 8
9 6
9 10
8 1
8 2
5 2
2 3
1 6
8 10
8 8
4 7
5 4
8 1
3 4
1 5
6 10
8 2
7 6
7 2
5 7
9 4
4 5
3 5
6 9
2 8
6 2
3 5
1 3
2 5
3 10
4 2
8 8
6 5
5 5
2 2
4 4
7 2
2 6
6 8
1 3
8 7
6 9
2 2
3 8
4 6
3 7
1 3
10 6
1 7
8 6
10 6
2 8
6 4
9 7
10 7
9 9
4 4
9 7
1 9
1 3
6 4
4 2
7 3
3 1
3 10
7 4
10 6
7 1
6 6
5 1
10 1
1 3
4 7
5 2
9 3
8 8
9 5
8 9
1 10
4 3
6 10
3 1
5 7
1 6
7 10
9 1
4 10
2 5
4 9
5 1
4 1
4 7
7 3
6 1
9 5
3 5
2 10
1 6
2 5
7 6
8 4
4 10
8 7
7 8
6 3
10 10
10 1
10 1
9 1
5 1
8 4
5 9
9 9
1 3
7 4
8 2
2 9
10 10
7 5
9 8
4 4
4 8
1 1
8 5
10 1
9 9
3 3
5 3
10 6
9 10
5 9
9 8
5 9
1 3
4 1
3 5
8 8
3 9
3 6
4 5
10 2
6 1
10 1
3 1
6 9
5 10
1 10
10 1
6 9
7 1
5 8
1 3
4 10
3 7
8 3
5 7
2 10
9 2
3 5
1 1
4 1
2 1
8 6
7 4
5 4
8 5
10 7
1 7
7 10
1 6
7 9
5 1
5 1
6 8
7 5
6 7
1 8
3 3
5 4
7 1
10 7
3 5
5 4
4 5
2 3
10 1
5 1
3 3
2 2
6 2
1 8
2 9
1 4
7 1
2 5
7 10
7 10
3 4
5 3
1 6
8 7
9 1
2 5
2 6
9 7
1 3
4 2
6 2
10 2
2 2
3 5
9 2
3 10
6 4
1 4
9 6
6 7
4 5
9 7
1 4
5 5
3 5
10 4
8 7
2 6
2 4
5 7
2 4
2 8
10 3
5 8
9 9
1 5
6 6
1 8
1 5
1 8
5 8
2 8
2 10
6 9
6 1
5 5
6 6
8 9
4 5
7 5
5 9
9 9
5 3
4 5
7 5
2 9
10 6
6 3
4 3
10 2
7 3
2 1
3 5
9 1
10 9
8 4
8 4
3 10
8 9
5 4
1 6
4 3
1 1
7 4
7 2
6 4
9 3
10 2
6 7
5 9
6 10
2 10
8 10
10 5
3 10
7 4
9 4
6 9
2 1
2 1
8 6
7 2
6 3
5 9
1 2
10 9
5 1
4 1
10 10
3 3
5 5
3 9
9 4
3 2
3 7
6 8
1 8
1 10
1 4
6 6
10 9
4 1
9 8
9 10
9 4
3 10
6 2
4 6
7 6
8 9
4 6
5 7
10 2
3 9
4 7
4 8
8 8
1 9
8 4
2 9
1 1
7 4
8 1
6 3
7 5
8 5
9 1
10 8
5 1
2 8
5 7
1 2
6 3
5 4
3 10
10 10
6 3
4 9
7 9
1 5
10 7
9 4
3 5
9 2
4 2
6 7
9 9
6 8
5 6
6 9
6 4
5 5
3 10
9 10
4 7
3 10
2 9
8 1
8 7
1 5
8 5
2 6
5 8
8 6
4 7
7 4
3 3
3 5
10 6
4 5
9 3
7 1
10 10
2 8
1 4
1 3
2 10
3 8
1 6
5 3
1 4
9 10
10 10
7 4
7 2
8 6
6 1
2 9
5 4
8 9
2 7
3 1
9 10
2 8
9 4
9 10
10 1
6 5
2 10
3 2
4 7
2 1
5 9
4 3
9 5
1 5
7 5
5 4
7 9
9 8
8 7
4 7
6 9
3 2
9 4
10 7
4 4
7 10
9 5
1 10
8 5
8 8
9 5
10 5
5 9
6 7
1 9
4 10
8 10
6 7
9 7
4 4
7 2
1 1
5 1
7 5
6 6
2 1
6 4
8 2
3 2
10 6
8 3
9 9
9 3
9 6
7 8
9 5
5 3
2 5
1 8
4 5
2 8
3 6
10 1
3 3
5 2
3 7
4 4
3 4
7 4
7 1
1 1
3 9
3 6
7 8
7 7
10 6
3 7
1 7
10 7
6 4
1 7
3 3
3 10
5 1
4 2
7 7
3 1
7 6
10 1
2 10
8 8
7 10
2 6
8 7
3 9
6 6
3 3
1 5
6 7
5 5
8 9
10 5
8 9
3 6
3 7
2 10
2 7
10 4
4 2
6 10
3 9
1 5
10 1
2 1
5 9
10 3
9 6
1 8
4 10
5 1
7 1
7 5
7 10
9 10
2 1
7 8
2 4
3 10
5 8
2 4
1 6
1 8
9 6
5 7
8 4
3 6
5 10
9 3
1 3
8 9
5 1
3 9
6 2
1 5
2 1
8 9
8 9
2 10
2 10
1 1
3 6
4 10
5 2
8 10
10 2
3 10
1 4
4 9
2 3
2 9
3 2
1 3
10 6
8 6
6 1
5 4
6 8
5 5
5 2
7 9
8 1
7 4
9 5
5 2
1 6
7 5
6 9
6 5
9 4
1 10
7 6
5 3
2 10
8 7
9 6
4 6
6 10
4 5
6 2
2 1
1 5
2 7
10 8
5 4
10 9
10 4
2 3
6 9
5 7
3 1
8 6
9 9
3 9
4 6
7 10
4 6
8 6
6 1
1 1
6 9
10 3
6 7
4 9
6 4
10 3
3 10
4 5
6 3
9 5
7 3
4 8
1 10
2 9
9 2
3 5
9 8
4 2
4 8
9 9
1 5
5 4
5 5
2 4
5 3
3 9
2 6
8 10
3 4
10 8
6 8
5 5
3 6
6 2
5 6
9 4
5 7
7 7
9 8
8 2
6 5
7 4
6 6
1 4
9 4
9 6
9 5
2 5
2 9
8 10
10 10
2 7
5 3
10 9
6 7
7 8
1 9
7 9
2 9
5 9
3 3
8 7
10 8
7 7
8 4
7 1
7 9
7 2
1 2
1 8
6 5
2 5
3 1
3 2
1 4
6 9
5 3
6 9
4 9
1 3
10 5
6 2
5 2
1 3
2 8
10 5
1 10
4 1
10 2
10 7
4 8
3 7
5 5
7 2
5 10
9 1
1 7
10 3
10 10
10 4
5 10
9 3
9 1
3 9
5 2
1 8
9 9
1 2
8 1
3 5
9 2
8 5
8 2
8 4
4 10
1 8
4 9
3 2
6 6
3 3
10 3
1 3
5 9
10 9
1 2
6 5
6 3
5 10
5 6
6 2
4 3
6 3
8 3
9 5
5 6
7 4
5 2
8 2
4 7
8 5
9 7
2 10
10 5
9 10
8 10
8 6
2 5
1 2
8 10
5 9
6 8
3 1
7 1
1 8
10 10
4 3
3 1
9 2
4 9
10 3
4 1
10 10
4 3
4 1
2 1
8 2
6 10
4 5
3 8
10 2
4 6
4 1
8 8
8 2
10 10
6 5
3 10
3 8
7 3
5 7
5 6
1 10
10 9
10 10
4 1
3 5
5 10
8 5
5 6
4 7
8 8
5 10
9 6
4 10
3 8
3 10
3 7
3 6
2 7
10 8
6 9
5 1
1 6
3 10
1 6
8 3
8 4
1 4
3 6
1 6
1 4
9 1
4 4
4 7
3 7
7 3
9 9
7 3
8 9
3 7
4 5
3 4
8 2
5 9
2 5
7 7
6 5
2 7
10 8
7 9
7 9
7 5
2 2
4 6
4 5
1 2
5 6
5 5
6 5
4 2
1 3
2 6
7 8
3 7
2 10
8 10
2 3
4 1
7 2
7 6
5 4
7 8
8 8
3 7
3 8
10 2
1 4
4 9
9 2
4 9
9 2
6 3
1 3
6 7
1 4
5 2
9 9
6 5
9 8
8 10
3 10
3 6
8 4
2 1
1 1
7 2
7 6
5 4
7 6
7 10
7 8
6 8
8 6
2 8
1 5
6 2
4 5
1 4
7 1
7 3
7 6
2 7
10 8
6 8
6 5
1 3
7 9
10 8
6 5
1 5
8 7
1 4
7 4
7 9
6 6
3 3
2 8
8 3
5 6
2 2
9 7
7 6
2 7
7 9
2 6
6 5
5 4
2 4
4 6
8 6
8 1
2 8
6 10
1 10
1 6
2 6
4 1
10 8
6 6
3 1
4 7
3 1
1 4
8 9
4 9
2 3
10 9
2 3
8 9
1 5
4 1
9 5
4 9
6 7
6 3
6 5
9 6
1 10
10 4
9 5
4 1
8 4
1 5
5 6
1 6
5 9
7 9
4 9
10 3
6 1
9 3
6 5
2 6
3 1
10 1
2 3
8 5
9 4
10 5
10 4
3 8
2 10
8 1
1 7
10 8
9 5
9 10
8 8
4 2
8 1
2 2
2 6
5 3
4 8
4 3
4 2
5 2
9 1
8 5
7 9
8 5
4 7
1 5
6 6
7 8
4 3
5 9
4 1
9 2
1 8
7 5
10 3
1 6
5 8
9 7
10 1
4 10
10 2
3 5
9 10
6 7
1 7
2 3
10 5
2 6
4 4
1 10
10 7
4 5
3 2
4 2
10 3
8 9
3 4
6 7
3 8
5 5
9 7
6 10
3 6
6 4
8 9
3 2
8 6
4 9
1 9
1 7
7 3
9 3
4 4
1 5
5 9
9 10
5 4
5 10
2 4
8 8
7 9
1 3
4 7
2 9
1 10
4 3
8 1
3 2
2 3
9 6
5 7
9 4
9 4
9 5
6 3
9 1
2 10
7 10
3 6
10 5
8 5
8 8
2 3
4 5
6 5
3 1
7 3
8 8
1 1
4 8
3 7
7 4
4 9
6 8
7 1
1 9
4 1
7 8
5 3
2 6
10 1
6 5
9 5
4 5
5 7
1 6
8 10
2 2
9 9
1 3
10 8
7 3
7 2
5 5
1 9
1 7
10 6
6 7
3 2
2 10
7 2
2 1
9 7
5 10
4 4
1 4
3 10
3 9
2 7
9 9
6 10
7 9
2 8
10 1
1 4
3 5
3 9
3 8
2 2
9 3
7 7
7 4
5 7
3 2
8 2
3 2
7 6
1 7
10 6
2 8
6 9
4 7
2 1
5 7
6 10
1 2
6 6
7 2
2 3
9 6
8 6
2 5
6 10
4 2
9 1
2 5
2 4
2 8
8 6
7 10
7 3
9 10
2 3
1 2
9 1
2 10
5 3
6 5
3 8
10 5
7 2
7 6
3 9
6 4
8 6
3 2
3 9
9 4
9 6
8 9
2 8
1 9
1 1
6 5
6 8
7 5
5 8
9 2
7 8
2 2
3 2
2 3
10 10
6 1
3 7
4 4
5 9
2 1
2 6
1 2
3 6
2 10
7 7
10 5
1 5
6 2
7 10
7 8
9 4
10 3
3 9
5 5
10 10
8 2
10 7
5 9
6 6
4 1
2 6
10 9
4 2
1 4
8 3
9 6
7 9
8 3
2 4
6 5
2 10
3 3
6 8
4 4
6 9
9 10
4 8
9 1
10 5
9 5
10 1
7 3
5 7
8 6
8 10
6 3
5 10
4 8
7 4
3 8
9 6
3 9
9 4
8 3
1 4
10 1
3 10
10 7
7 7
8 3
2 6
1 9
1 6
5 5
3 4
9 2
4 8
5 10
2 2
7 9
2 4
1 7
1 3
5 2
3 7
7 10
2 1
8 5
5 5
8 5
10 7
6 8
6 8
9 7
5 1
3 1
7 8
3 6
3 5
1 7
4 5
8 4
2 3
6 1
6 10
6 8
2 9
3 9
1 7
8 1
4 2
5 7
1 3
5 9
10 6
4 5
2 9
8 3
8 9
8 10
8 5
9 3
2 6
8 5
8 7
4 5
9 5
5 8
7 4
2 2
3 5
1 1
5 4
10 10
9 3
2 8
9 5
2 3
10 5
10 6
10 2
4 4
6 4
3 1
10 9
8 3
4 7
4 8
8 5
7 8
7 6
7 7
5 4
9 4
8 10
1 3
6 9
2 2
3 8
8 3
1 6
7 4
10 6
3 3
9 4
2 8
9 1
10 1
10 10
9 2
3 2
10 9
2 2
4 7
9 10
5 5
3 10
8 10
8 4
8 3
2 2
5 3
8 1
6 2
7 8
9 5
9 10
1 2
8 9
1 8
3 1
8 6
4 9
5 5
9 5
8 10
6 3
9 10
10 3
2 4
4 10
9 7
8 3
9 8
5 10
7 1
4 1
2 7
5 9
3 5
2 5
7 4
8 7
9 5
3 8
5 8
7 9
7 4
2 9
8 4
8 4
2 1
8 4
4 5
4 5
6 5
10 7
4 6
9 9
7 1
4 5
1 3
6 5
8 7
10 2
3 9
7 8
4 10
3 9
8 6
5 6
10 6
9 8
5 9
8 3
5 3
3 6
7 8
3 6
5 1
3 4
1 7
10 7
7 1
6 5
7 4
6 8
1 7
4 10
5 1
2 2
6 7
10 5
1 7
3 9
2 7
5 4
9 3
7 6
9 9
8 2
1 2
10 1
3 5
2 10
1 8
7 9
9 1
8 7
6 2
2 2
4 4
9 7
3 2
2 3
3 9
1 9
8 10
3 7
9 9
6 9
9 9
5 10
3 4
2 4
7 6
6 7
5 5
3 7
10 6
9 4
9 7
9 4
6 4
2 1
1 5
8 4
8 10
2 5
2 3
5 3
9 9
10 6
3 3
6 1
10 10
9 7
5 8
10 4
7 5
9 1
10 7
2 9
10 4
5 3
5 2
6 3
8 5
8 10
10 8
6 6
3 2
6 3
9 6
1 7
9 8
8 10
5 6
5 7
6 4
20 13 55
14 19 81
20 14 98
13 19 61
13 11 89
14 18 84
14 18 85
13 15 88
20 13 70
13 20 97
12 17 83
13 17 68
14 10 73
13 15 61
12 13 97
18 18 60
11 20 66
11 17 81
18 12 66
14 18 84
15 18 94
10 13 63
13 15 55
18 11 94
16 15 82
12 15 99
18 13 67
14 16 87
20 18 100
10 15 82
12 19 50
14 18 74
20 19 94
12 10 50
10 16 55
20 11 52
13 13 54
15 20 60
12 16 67
15 20 60
20 13 94
17 10 83
19 20 69
12 15 55
11 15 74
15 13 65
16 12 63
17 16 62
16 19 50
13 18 52
14 20 98
16 17 61
10 15 79
12 15 63
14 15 88
16 20 75
19 18 74
13 19 50
16 20 99
15 20 78
17 19 93
13 20 71
15 11 92
20 18 64
20 20 93
14 13 72
15 11 70
20 20 85
10 16 86
12 19 77
17 17 92
10 14 65
20 16 59
10 17 87
20 20 52
20 12 84
19 17 52
12 18 81
19 18 99
20 11 91
16 18 78
16 17 60
12 16 92
20 19 67
20 16 97
16 15 88
14 13 71
19 10 87
19 15 94
15 12 79
15 19 68
19 13 88
14 16 81
11 14 72
20 18 50
17 14 97
15 20 81
14 20 53
16 18 90
13 10 50
10 13 51
16 17 53
12 18 53
17 16 79
14 14 81
19 18 94
19 19 50
15 11 75
12 14 66
20 12 86
11 17 76
20 16 94
12 20 80
14 19 55
16 18 55
13 14 73
12 13 100
11 16 94
19 16 69
15 19 60
20 18 57
20 12 68
14 19 53
16 12 67
15 13 83
18 20 94
20 18 56
20 10 67
12 14 98
19 19 53
18 13 78
20 18 95
20 12 60
10 19 65
14 18 87
15 15 65
19 13 68
10 16 64
11 20 61
16 10 59
14 16 54
19 16 100
11 15 71
18 13 89
15 12 51
14 19 63
12 17 59
12 16 83
16 16 85
15 13 91
17 15 56
17 18 69
13 11 94
15 15 51
11 19 78
15 18 90
15 19 58
15 12 92
19 14 85
13 12 82
11 16 85
12 18 67
17 12 75
14 17 61
20 15 60
15 20 70
20 10 58
18 18 58
11 17 71
19 15 96
14 18 81
10 20 89
11 16 77
16 18 59
10 11 58
17 11 78
19 17 77
17 13 100
11 17 72
19 19 50
18 20 51
12 17 77
19 10 54
10 10 78
20 15 86
15 14 92
17 18 92
13 17 99
18 13 58
18 20 60
17 12 94
18 14 55
12 17 93
11 16 98
17 18 74
19 18 75
15 11 78
10 17 50
11 14 50
10 12 51
17 11 66
20 20 70
11 11 93
17 11 96
11 11 84
19 14 80
12 12 57
12 12 68
13 10 86
12 11 75
14 20 95
15 20 83
10 17 65
17 15 67
19 16 95
15 17 86
20 15 51
14 11 82
17 17 98
17 17 99
15 15 98
14 11 71
11 11 52
17 16 77
15 16 71
20 15 86
11 19 61
11 14 55
13 11 77
19 18 89
10 19 80
17 16 84
20 20 91
18 11 74
19 12 74
12 18 77
18 13 84
19 12 92
11 20 99
10 17 81
15 13 83
15 17 74
15 15 74
14 20 51
14 18 94
10 17 59
20 14 91
11 11 75
14 19 100
18 10 94
13 14 59
19 15 57
11 17 89
15 12 57
14 12 78
14 17 72
16 19 85
20 14 75
20 11 56
20 20 65
20 11 83
16 10 81
14 16 95
18 16 100
16 19 79
10 10 84
11 13 71
18 11 74
14 14 65
11 20 98
17 15 69
15 10 95
18 16 70
12 18 95
10 10 91
18 15 63
10 16 97
17 14 89
11 16 84
14 20 59
18 11 85
15 14 99
11 15 75
15 13 51
10 13 61
11 11 67
13 12 90
17 11 84
12 14 65
20 12 90
16 20 99
18 14 69
20 10 58
10 19 74
10 11 53
13 10 82
20 20 83
16 13 74
10 17 51
10 12 55
14 17 64
11 20 77
17 10 92
14 20 80
10 17 66
12 15 66
17 16 69
10 17 84
15 15 57
16 10 81
19 19 55
18 11 68
18 12 87
11 15 91
13 12 61
16 20 55
15 19 95
15 13 64
15 14 53
11 15 50
14 13 91
14 14 69
14 19 69
20 16 80
19 10 97
12 12 50
11 14 56
17 16 74
10 16 76
14 11 92
19 16 56
10 18 62
20 17 58
18 18 78
12 13 50
20 17 63
13 19 98
16 18 95
11 13 52
16 14 77
17 13 53
20 20 79
14 10 95
15 14 53
14 18 96
14 15 52
12 14 73
17 11 99
17 18 77
10 14 84
12 11 63
13 19 56
10 15 51
14 16 59
14 13 69
14 18 50
18 15 58
14 13 70
14 13 86
19 14 86
20 17 52
13 15 60
16 16 74
13 12 57
18 19 89
17 10 91
19 17 60
16 11 77
17 17 78
12 17 66
17 16 64
13 17 66
17 17 86
15 20 53
17 11 88
14 14 87
11 18 75
16 14 69
15 13 78
19 15 77
15 12 98
11 20 90
13 18 91
13 10 68
14 16 90
20 17 98
16 17 74
16 16 61
20 20 63
15 10 61
16 17 65
12 10 77
18 13 86
10 17 85
16 20 66
14 17 51
14 12 84
13 12 76
20 14 92
15 10 70
19 12 95
12 16 55
18 16 51
19 16 72
11 18 94
19 11 86
17 11 62
12 10 89
19 17 69
10 19 97
11 20 52
19 15 71
17 14 95
16 11 61
11 10 88
10 17 65
16 12 66
17 19 60
11 10 67
15 11 73
20 18 91
14 16 85
12 18 68
10 15 74
17 18 51
20 20 99
19 19 74
17 10 84
12 20 73
19 11 57
13 14 92
12 13 83
14 14 81
12 12 76
12 11 77
18 20 59
17 12 84
10 12 50
10 10 69
11 15 78
17 12 95
11 11 88
13 10 50
15 15 86
17 12 50
14 11 59
13 15 96
20 17 70
15 17 68
19 19 83
16 11 61
17 17 91
11 18 60
14 13 58
16 16 99
16 13 61
11 16 100
17 11 52
18 16 61
20 17 91
12 10 89
16 12 50
12 18 96
12 19 62
15 11 75
18 13 84
16 14 65
14 14 78
20 14 70
20 12 87
15 10 58
12 20 81
18 15 68
19 19 59
20 16 52
18 16 80
15 15 51
14 10 98
14 14 100
14 15 75
16 13 63
17 13 52
12 13 51
10 12 59
19 18 71
14 15 65
18 13 83
17 10 53
13 13 56
10 11 72
19 14 50
18 13 97
13 10 69
10 16 87
20 19 94
17 19 70
18 20 89
19 10 95
17 12 85
13 20 76
18 13 51
16 18 71
13 14 71
15 14 81
19 11 100
14 16 68
15 10 68
15 17 64
11 11 99
14 16 69
13 15 68
19 12 81
19 10 57
16 12 80
15 10 99
19 20 93
13 15 84
18 17 86
20 20 92
15 17 68
15 18 94
12 19 79
13 18 52
14 13 64
14 20 92
14 13 79
11 16 93
17 11 86
15 17 69
13 14 75
20 14 99
18 12 83
20 18 61
15 15 50
12 14 80
10 15 88
11 20 83
18 20 82
13 19 56
14 14 61
16 11 74
18 14 96
11 20 79
19 11 64
20 11 59
12 13 78
13 15 70
20 20 73
10 14 68
19 16 73
15 20 96
12 10 56
19 16 83
12 19 92
12 13 96
10 13 53
10 20 80
12 16 85
12 17 77
12 10 68
11 17 84
17 10 57
17 17 84
10 10 65
12 13 54
15 18 87
10 10 60
14 10 92
12 11 50
20 12 67
19 10 98
13 19 61
11 20 81
16 11 58
16 15 60
18 15 71
15 13 66
18 16 71
14 16 55
11 15 61
19 14 71
13 18 96
17 17 100
17 20 75
15 17 69
15 13 61
13 19 53
14 16 99
18 10 100
15 13 78
16 19 100
14 11 65
10 15 93
13 17 63
18 10 72
14 18 88
18 15 52
16 11 84
19 13 82
16 11 95
11 16 98
18 18 50
10 10 78
11 12 65
11 16 56
13 13 50
14 16 61
18 16 80
14 15 90
14 10 78
12 19 50
14 10 96
16 14 100
13 14 79
12 14 66
17 17 56
19 20 55
13 15 53
11 20 56
14 20 100
19 16 56
18 16 91
11 14 61
18 15 65
17 12 87
19 20 72
12 20 64
14 14 60
16 16 59
14 20 84
10 19 72
15 17 62
16 19 75
20 19 93
19 19 60
16 11 92
20 15 52
20 20 50
18 15 92
14 10 61
11 18 97
20 18 96
16 14 52
10 13 58
13 11 96
14 15 69
15 13 72
13 12 69
12 14 78
19 11 80
19 13 73
14 14 61
16 12 75
13 10 100
19 10 66
15 15 78
10 19 99
10 20 70
14 16 62
12 17 71
10 12 70
16 17 73
15 17 88
19 11 90
13 20 67
20 19 56
19 15 56
13 14 90
11 17 56
13 13 82
11 17 67
16 14 87
11 13 80
15 14 97
10 20 65
10 13 51
14 17 94
17 16 76
20 16 72
11 15 51
16 12 56
20 10 89
11 18 72
17 10 66
11 15 50
16 10 88
19 15 72
19 18 62
19 15 61
11 15 98
18 20 97
14 11 70
18 17 84
19 13 77
13 12 60
17 12 96
17 17 90
11 19 60
12 14 88
20 13 98
19 12 64
11 18 51
10 19 58
11 18 53
18 17 56
10 11 75
16 14 59
14 19 74
20 18 59
14 19 70
16 16 79
15 15 88
11 15 68
18 17 54
12 10 84
14 10 80
13 17 91
20 14 68
13 13 86
20 11 58
10 10 80
12 13 71
14 11 99
17 18 87
16 16 94
20 17 76
17 12 63
17 16 73
13 10 100
18 10 59
16 14 83
17 12 59
15 13 91
12 15 59
11 13 69
14 11 69
13 12 66
15 12 77
17 20 58
10 17 84
18 17 76
13 11 56
10 20 58
12 12 68
18 15 85
11 12 53
15 12 87
14 10 69
10 17 69
10 17 51
15 18 68
10 17 63
18 11 93
16 11 91
15 16 82
12 11 59
16 12 94
10 12 58
16 15 61
19 14 91
16 15 62
20 19 73
14 19 55
20 13 64
20 20 89
15 19 71
19 17 57
10 13 72
11 15 93
12 13 82
18 18 57
10 20 82
19 20 94
18 14 56
17 16 60
11 12 66
11 17 89
14 10 63
13 11 93
18 16 98
13 20 94
11 19 94
15 20 94
16 14 93
12 18 64
13 17 99
14 13 98
10 10 77
15 10 81
18 19 87
10 18 77
11 16 52
13 13 52
16 10 64
19 16 77
11 14 91
12 10 69
12 14 72
16 13 83
10 14 70
18 17 58
12 15 53
12 14 79
15 11 93
17 14 98
15 17 75
16 16 89
16 11 99
17 16 55
10 12 89
12 12 80
11 14 79
17 13 54
20 18 95
18 13 67
18 15 80
19 17 84
12 15 73
17 17 78
20 19 67
12 14 73
10 18 52
17 17 50
19 18 67
10 14 97
20 11 76
17 17 82
11 14 88
15 19 78
12 10 59
14 14 64
11 16 100
19 12 67
16 13 72
19 12 75
15 14 87
20 13 74
10 13 72
18 19 89
11 17 68
12 19 92
11 14 73
16 10 65
20 19 79
17 17 57
20 10 97
12 10 85
15 16 74
18 12 69
18 13 57
18 10 63
11 14 74
16 14 90
12 11 59
17 13 81
10 10 81
20 11 62
16 14 73
10 19 84
13 12 84
14 19 67
14 17 60
19 16 51
20 16 93
15 15 84
16 16 93
20 13 73
11 18 54
14 15 100
18 14 83
17 17 62
14 16 63
15 14 95
18 13 83
13 14 75
12 12 52
14 19 67
12 14 51
19 10 85
12 19 71
15 11 70
10 10 80
14 19 55
20 16 97
17 14 59
20 15 89
19 13 97
14 19 51
13 12 86
14 13 63
13 10 74
14 19 98
12 11 64
18 19 77
14 13 96
17 15 53
14 20 86
10 14 76
10 17 67
15 19 78
12 12 92
15 18 98
17 11 70
19 19 96
16 16 95
17 19 66
18 16 99
18 12 86
10 11 73
20 12 55
17 12 97
17 10 72
18 14 85
10 18 56
19 18 79
14 12 69
12 10 87
18 19 52
14 15 55
17 16 88
20 10 64
18 10 73
17 11 55
12 10 91
13 13 63
16 14 74
12 13 58
15 12 69
15 16 88
10 20 66
16 12 98
12 13 57
19 10 95
14 16 64
17 18 97
16 20 52
20 14 77
13 19 96
19 16 94
20 17 79
12 15 53
14 16 50
15 14 91
19 12 88
16 18 52
16 17 68
19 10 53
13 14 59
19 12 76
12 16 55
17 18 79
18 10 52
17 13 84
19 13 86
17 20 98
10 11 77
19 13 96
10 14 57
10 19 92
19 19 85
10 13 52
14 18 85
14 11 87
17 11 76
18 18 79
13 18 90
12 12 84
13 13 88
12 20 94
10 18 99
14 13 56
20 14 86
12 17 97
19 11 78
19 15 65
12 14 67
16 12 94
14 19 54
18 16 60
10 12 56
18 20 83
19 17 89
10 17 66
14 19 56
14 17 80
15 10 90
16 15 83
20 13 61
15 15 86
12 10 84
12 18 91
15 20 65
10 10 50
18 13 77
19 10 85
15 12 56
11 13 50
15 10 91
20 11 77
13 17 66
14 11 81
19 15 52
12 14 55
19 14 62
15 14 74
10 20 79
17 12 75
14 16 62
14 12 53
11 17 53
20 18 94
10 14 52
11 12 78
14 20 75
14 14 83
10 10 62
17 16 54
12 10 54
18 18 84
17 20 61
17 10 64
18 15 70
13 20 93
13 14 100
12 18 55
11 16 68
14 14 53
17 13 90
13 15 98
20 14 51
11 16 84
19 11 89
19 15 93
13 15 58
19 10 92
12 10 82
11 19 86
10 14 59
17 13 51
14 17 62
20 18 97
17 12 63
10 16 86
20 11 70
16 16 96
12 20 73
14 13 99
10 16 95
20 10 83
10 14 93
19 19 89
19 19 54
12 20 56
16 20 83
14 14 97
20 18 98
18 14 86
12 19 89
11 15 84
20 19 57
10 10 88
16 17 69
15 18 66
20 12 58
18 17 92
20 18 72
13 18 87
20 13 50
12 20 53
12 19 91
16 20 72
20 11 76
16 18 69
16 15 65
16 11 52
12 15 57
17 20 96
13 19 57
19 12 64
19 18 56
11 10 86
11 16 66
13 12 68
18 14 60
11 10 98
10 19 71
19 20 51
12 17 88
12 12 51
13 12 74
17 19 99
16 10 61
18 15 51
13 17 58
13 17 57
18 12 57
19 19 78
18 18 66
18 11 99
15 12 66
12 17 73
10 16 55
20 10 85
12 19 70
20 10 96
14 12 60
11 19 74
18 12 51
19 14 55
13 17 77
19 11 99
15 13 73
12 12 87
13 17 97
17 16 78
12 15 53
14 19 57
16 15 53
17 19 57
16 10 89
18 17 83
19 16 57
12 13 77
15 11 60
17 15 62
15 17 67
19 16 95
19 10 73
17 20 83
15 17 60
17 14 51
13 16 68
13 18 56
15 10 80
17 18 57
15 18 60
10 15 85
16 16 61
18 18 70
12 18 97
17 20 90
15 19 53
10 14 64
20 10 76
16 13 70
17 15 77
10 15 85
17 13 57
11 20 90
11 16 81
19 16 76
14 15 63
10 18 60
10 12 50
14 15 74
17 19 51
13 16 78
17 15 54
15 10 54
10 20 70
13 13 56
11 14 71
11 11 96
11 13 80
12 14 90
12 11 61
20 13 55
14 12 57
20 11 68
19 19 88
15 10 76
11 18 93
18 13 75
20 15 72
10 12 55
13 12 81
10 12 87
10 15 70
10 12 79
11 12 78
10 12 57
20 20 54
13 15 80
15 14 94
16 17 61
19 20 54
14 16 97
17 17 61
10 11 63
13 13 55
15 17 67
18 18 65
16 11 100
16 12 72
20 16 60
18 11 72
14 16 52
19 13 67
13 15 72
14 13 73
16 14 97
17 20 98
16 19 73
19 10 95
13 17 51
15 16 54
11 20 96
11 15 99
11 17 51
19 13 98
12 17 93
10 18 91
12 15 82
18 18 53
10 15 78
13 20 99
20 11 68
20 10 78
10 20 93
14 12 92
11 14 59
17 20 74
10 18 79
16 19 75
15 14 61
12 18 54
13 16 79
14 12 85
15 10 71
19 16 96
19 18 96
10 18 50
16 16 96
18 14 96
12 11 94
14 18 82
20 14 92
16 14 52
11 13 68
11 12 63
11 10 62
18 18 61
12 13 67
11 15 94
16 14 98
10 18 78
16 13 92
11 20 74
13 16 61
13 15 91
11 17 93
10 20 52
13 18 71
18 16 92
15 15 62
12 14 75
20 17 52
13 13 65
13 16 74
11 20 72
12 20 90
18 14 71
15 17 69
20 20 51
10 11 66
17 19 66
11 18 59
18 18 94
15 13 56
12 18 60
20 13 81
17 18 99
11 13 51
16 10 83
20 16 79
10 19 99
20 17 89
17 12 98
15 13 93
12 14 50
12 12 93
17 14 72
10 17 94
14 10 51
17 14 54
12 20 88
14 19 59
19 12 79
19 14 81
20 20 54
15 18 95
14 11 53
12 14 55
14 11 91
10 17 92
18 19 70
16 14 100
15 10 90
20 17 59
18 17 52
20 16 58
17 13 87
11 11 80
17 18 84
11 15 96
12 13 69
16 15 70
18 12 94
15 10 63
14 12 62
10 18 50
20 11 86
15 20 85
20 18 51
13 17 98
12 12 65
15 11 96
13 10 57
13 13 99
16 14 55
19 19 50
14 13 94
17 15 99
10 13 56
11 15 90
15 14 82
12 12 63
14 16 79
17 13 84
18 12 63
14 15 61
12 12 69
17 19 73
18 17 85
10 15 88
16 10 74
18 17 79
15 14 78
10 18 93
17 17 90
11 10 76
20 15 70
14 17 56
19 18 60
14 14 65
20 20 76
18 15 58
17 17 91
16 19 70
18 13 92
20 20 78
16 15 82
19 18 94
14 13 63
20 15 68
16 18 59
20 17 51
12 11 99
18 13 57
15 18 71
11 15 50
16 15 64
16 16 96
20 18 64
14 10 70
13 14 98
19 10 97
10 18 76
15 17 87
15 17 58
19 14 51
10 15 97
15 17 100
18 20 72
10 10 96
17 15 52
11 12 78
17 19 80
19 20 79
19 12 81
10 14 88
18 14 52
17 19 92
18 15 100
11 14 94
18 14 78
12 16 72
13 14 60
10 17 71
17 20 58
15 16 74
14 20 75
18 16 56
10 13 94
12 15 99
19 11 63
17 10 86
17 11 81
14 20 82
17 14 69
12 18 96
19 16 65
15 19 94
18 12 91
16 20 99
19 11 58
19 14 84
14 15 77
18 12 65
10 14 68
17 18 57
17 16 90
11 14 81
14 14 83
16 12 73
13 19 98
14 20 83
10 19 84
13 11 87
17 18 74
11 19 81
19 12 81
17 18 72
20 11 58
15 14 87
18 17 72
18 19 53
13 16 64
12 17 87
19 20 85
16 17 73
11 13 86
12 17 70
19 10 82
15 18 64
16 16 91
16 19 58
12 20 62
10 18 90
17 15 88
15 15 78
18 12 75
19 15 60
17 11 82
15 17 69
11 11 97
13 19 83
13 17 100
10 19 63
16 12 65
15 18 60
14 13 73
16 16 93
12 15 71
10 11 67
17 20 93
15 16 50
20 19 73
12 13 65
13 14 65
10 13 55
16 20 60
17 15 50
17 17 55
10 11 97
17 17 85
20 16 62
15 17 50
14 10 97
18 20 70
12 13 86
11 15 88
10 14 100
20 20 50
15 14 95
15 13 87
13 11 89
13 20 58
19 15 84
13 20 90
10 19 63
11 16 79
20 15 55
11 10 87
18 10 69
10 10 62
16 14 76
19 10 60
14 14 97
20 12 52
14 20 65
10 11 97
13 20 53
19 19 92
19 20 73
10 17 77
19 10 65
17 10 86
12 17 83
13 14 57
11 13 69
13 10 70
15 14 86
18 19 99
17 17 60
20 16 55
13 10 66
12 14 72
14 18 79
17 10 69
20 12 85
16 16 100
14 13 71
18 12 88
15 18 66
17 11 77
11 13 84
18 16 93
11 11 87
16 12 67
14 18 89
14 13 68
18 14 66
15 10 74
13 11 75
18 20 83
12 11 58
11 14 67
19 17 72
11 17 99
13 14 59
11 17 63
20 19 87
12 10 86
14 17 85
14 11 58
15 12 53
14 11 94
19 20 83
17 18 90
15 11 72
19 11 59
12 19 91
19 19 89
18 11 85
10 13 52
15 11 67
13 11 80
19 11 91
13 11 65
15 19 87
15 14 63
14 16 68
19 20 60
10 10 55
11 19 92
15 17 66
17 13 61
20 18 84
11 11 62
10 11 70
10 11 68
11 17 60
15 19 70
12 11 70
20 11 72
18 17 57
13 18 84
20 10 55
11 13 73
15 13 90
10 19 70
20 18 83
17 17 51
18 12 59
10 11 87
16 13 90
13 18 69
20 20 72
10 18 67
10 10 85
16 14 89
14 16 84
16 20 92
19 11 80
14 16 70
12 16 70
17 10 73
20 10 75
14 15 90
12 19 64
10 14 65
15 14 93
12 10 86
13 10 97
13 19 84
17 11 83
16 15 82
14 11 71
19 20 68
19 20 84
15 20 60
18 11 78
15 13 99
20 10 90
16 11 74
19 11 97
11 13 72
14 14 82
14 11 89
13 13 99
17 19 86
20 14 97
19 14 93
17 17 84
11 15 88
16 14 80
13 11 79
11 10 92
10 20 57
11 12 75
11 16 63
13 13 74
16 13 100
10 17 96
15 15 67
15 14 92
20 13 72
19 18 99
13 11 97
18 20 65
17 17 88
18 11 92
14 14 63
17 19 59
16 18 88
20 15 64
14 16 93
14 17 96
18 19 92
19 13 62
10 11 87
14 19 60
14 11 66
18 17 67
12 19 89
18 11 90
10 15 55
14 15 72
18 14 100
17 12 94
19 17 56
14 10 55
19 19 77
15 16 79
12 19 60
19 11 68
16 19 72
15 17 58
17 10 52
17 18 51
10 11 94
19 15 78
16 16 79
13 16 62
18 11 68
10 10 57
16 17 96
20 10 54
12 15 64
20 12 80
16 20 53
19 19 82
16 16 61
15 14 73
12 15 50
11 19 56
13 15 91
19 18 57
14 10 62
18 16 81
20 18 81
10 18 98
11 14 75
17 19 69
13 12 99
13 10 98
10 18 68
16 18 69
16 11 98
15 13 91
17 15 50
17 19 62
14 11 65
10 11 86
12 11 72
16 15 91
16 18 75
16 20 82
19 17 92
14 10 63
13 20 51
18 18 92
15 18 51
16 11 60
17 12 87
15 13 72
13 12 61
14 18 71
11 14 76
18 19 61
15 15 59
18 14 50
19 10 61
17 20 70
14 14 59
16 17 55
20 10 81
18 13 85
16 19 59
11 15 60
14 10 92
17 11 83
10 16 62
16 17 90
18 12 89
12 10 77
20 12 75
15 16 66
12 16 98
19 18 79
17 12 57
15 17 51
13 14 95
19 16 78
11 10 51
11 19 58
15 18 95
12 17 96
16 16 97
13 19 85
20 15 86
11 10 62
10 20 69
20 13 68
18 16 57
19 16 61
10 16 81
13 10 76
17 18 55
14 16 93
13 17 85
16 13 93
20 16 98
10 20 53
17 19 55
14 19 53
14 14 81
14 15 89
17 14 83
19 17 66
19 13 97
13 14 82
13 18 63
11 19 99
18 19 83
14 13 74
20 14 61
10 13 56
13 17 74
12 11 56
11 11 88
18 19 67
16 12 58
15 15 76
10 12 54
20 20 92
16 13 100
17 15 68
14 15 77
10 10 59
15 14 66
13 16 53
14 10 74
13 20 97
15 13 55
16 10 99
11 10 96
17 13 91
20 19 80
12 17 65
18 19 98
19 18 51
14 16 91
14 12 73
16 18 74
13 17 76
14 10 72
11 12 100
18 10 86
13 19 65
15 12 55
16 10 79
12 18 75
20 14 69
14 18 67
10 14 64
16 20 94
17 16 98
10 20 69
17 15 72
10 20 91
16 12 77
15 20 65
11 18 79
19 13 56
12 10 90
18 12 80
11 20 77
14 14 64
13 13 92
14 13 70
12 17 81
16 12 77
20 16 50
11 18 56
20 14 98
16 17 79
10 13 86
14 14 87
16 15 67
17 18 69
19 16 96
17 18 93
12 20 75
17 20 100
18 18 78
10 15 71
17 13 52
20 17 91
11 11 67
13 15 57
16 12 93
15 17 80
10 20 84
10 18 53
18 11 59
19 11 86
20 13 52
17 12 89
12 13 90
20 14 50
14 13 93
17 18 100
11 20 65
19 19 89
18 20 80
20 16 83
10 12 73
15 10 71
20 15 90
14 19 98
17 18 73
11 15 91
10 13 69
13 13 82
19 16 61
19 15 72
10 17 65
19 11 86
11 17 76
20 13 70
13 14 95
19 11 78
13 12 54
16 16 64
16 19 83
10 11 63
19 16 88
13 20 64
19 12 86
15 15 59
15 13 91
13 13 85
10 10 69
18 19 63
16 15 84
12 13 93
15 11 80
12 16 70
19 12 64
15 14 77
16 18 52
14 12 62
16 14 50
18 14 76
10 14 74
11 12 84
12 10 81
20 14 62
16 15 70
18 10 60
17 11 91
14 14 65
10 18 99
14 16 81
13 11 67
14 16 84
15 15 68
17 10 99
17 17 50
15 11 52
17 13 97
18 14 89
18 16 86
15 11 79
19 20 59
11 14 71
17 15 64
18 14 81
13 13 81
12 13 72
15 17 97
13 11 60
14 16 97
13 19 55
19 11 99
19 17 61
10 10 51
18 17 63
16 12 54
19 15 59
13 10 66
16 15 58
20 16 78
11 17 94
20 16 56
20 15 98
14 19 66
20 17 73
12 11 90
14 14 73
10 18 68
14 15 91
11 11 51
11 20 75
12 16 55
19 15 85
20 14 83
15 20 86
10 16 84
19 11 64
15 19 53
16 17 65
13 13 92
14 17 65
12 14 50
14 15 89
10 12 56
10 17 84
11 10 72
19 12 67
20 14 59
18 13 65
12 12 74
17 18 86
17 20 69
14 18 67
12 17 50
10 18 70
11 10 58
19 14 69
16 11 82
11 14 79
13 12 52
20 10 66
17 13 75
20 14 50
13 19 98
16 13 87
13 17 58
17 11 89
19 15 53
18 15 89
15 19 83
20 18 86
19 13 94
12 17 77
13 20 51
11 13 100
15 10 86
14 18 94
10 14 84
16 10 72
13 18 73
17 13 93
11 19 85
10 18 99
16 19 80
18 14 56
19 19 100
20 17 53
14 13 79
17 19 95
15 10 72
14 20 93
14 18 51
13 19 65
10 19 54
16 17 80
18 13 70
16 16 96
12 16 91
12 15 83
14 14 88
10 10 82
12 18 82
19 10 60
11 14 65
12 19 97
12 20 55
16 15 96
12 19 52
13 12 50
14 16 81
13 15 88
13 19 93
14 17 50
18 15 87
17 20 84
18 16 98
13 19 100
11 13 81
20 16 54
12 16 73
18 17 83
10 14 83
12 12 94
15 17 88
20 18 88
15 11 80
15 11 74
11 15 63
12 10 70
12 18 69
16 15 58
15 10 61
19 15 93
20 13 58
20 10 91
14 19 63
10 12 94
19 17 54
19 10 67
10 19 70
16 11 92
20 12 84
11 14 71
14 16 91
17 13 59
12 18 68
13 19 54
11 13 58
14 19 55
12 18 81
20 19 61
11 10 91
15 18 99
13 17 80
15 16 53
13 17 58
15 14 81
16 12 65
17 11 72
16 13 58
10 18 65
13 18 82
15 12 68
13 17 60
10 15 83
12 13 56
19 10 66
20 12 87
16 19 63
12 18 97
12 16 53
11 15 75
12 19 58
11 16 51
20 19 62
18 11 87
12 13 100
10 16 58
14 15 93
20 13 99
20 19 93
15 19 60
17 18 97
16 10 53
14 20 91
20 14 78
11 15 53
16 14 98
16 16 96
11 15 86
18 19 65
15 11 97
17 11 82
15 18 75
16 16 81
15 20 86
13 16 80
18 10 85
15 14 66
11 18 96
19 18 72
16 11 84
20 13 53
10 10 86
11 15 88
13 18 98
13 13 51
10 19 68
14 15 65
16 20 50
16 14 89
19 20 63
18 17 71
16 17 59
16 16 51
14 10 61
17 17 68
11 13 62
11 18 75
19 20 62
12 15 57
19 12 73
19 12 98
17 11 66
12 12 74
11 11 63
20 15 68
15 12 73
18 20 55
13 13 65
20 17 79
16 17 87
20 10 72
16 18 52
16 16 96
14 10 59
13 12 69
14 16 99
12 18 99
19 13 50
18 18 82
15 18 87
11 18 52
13 10 92
16 19 72
12 17 86
15 19 91
10 10 50
12 12 69
12 18 59
12 12 50
16 10 60
10 18 91
20 10 69
12 15 62
10 10 89
14 10 55
14 10 61
16 13 76
18 12 96
17 12 76
14 10 72
18 11 100
18 19 55
14 14 64
20 13 74
12 18 69
13 13 93
12 16 51
19 19 59
10 16 77
12 11 79
18 12 79
13 15 99
16 13 97
14 12 66
11 10 50
10 14 100
11 14 99
12 15 85
16 19 80
12 11 99
16 15 72
11 15 65
10 20 63
14 11 55
12 20 61
15 16 95
20 17 79
16 17 82
15 20 77
11 16 53
19 17 56
10 19 98
15 13 88
17 11 93
17 20 61
18 13 81
11 12 90
18 13 53
15 15 56
18 19 97
19 14 97
13 20 84
15 10 64
10 19 68
13 16 85
12 20 70
15 10 70
15 12 95
16 10 88
18 13 53
10 10 87
16 16 68
18 13 71
20 17 98
20 20 77
12 18 50
14 13 56
16 20 69
14 19 78
18 14 62
16 16 82
20 18 76
11 18 84
20 19 100
13 12 66
16 18 91
10 17 77
14 20 55
15 12 86
18 16 80
20 12 53
20 14 86
16 13 57
15 13 55
17 18 71
19 11 59
14 10 82
11 13 91
15 14 65
19 12 62
15 10 88
10 17 89
13 16 87
14 19 67
11 16 92
18 20 88
16 17 99
10 13 82
18 18 86
10 20 65
12 10 64
20 13 68
11 12 100
11 13 75
12 11 51
13 10 62
13 19 94
11 15 55
15 18 70
11 17 64
19 13 79
15 12 94
19 16 72
14 14 88
19 17 62
18 16 96
12 18 87
11 12 84
10 20 85
10 18 77
12 15 78
13 19 86
15 16 95
11 17 77
11 15 80
20 16 96
15 16 87
13 11 53
18 11 82
17 14 91
20 12 93
12 19 81
11 16 73
14 17 73
18 18 96
16 13 80
12 13 90
17 20 56
10 17 81
13 11 79
17 18 82
19 15 78
19 10 70
13 10 52
11 12 97
11 18 62
18 12 80
20 12 77
17 10 63
14 10 72
12 19 57
10 18 95
10 16 57
13 10 90
16 12 55
20 19 67
17 18 77
11 15 61
20 14 72
14 18 93
18 20 99
15 15 91
13 14 60
19 15 64
19 19 68
11 11 65
17 11 94
18 16 63
16 10 63
19 17 97
16 19 94
13 16 53
13 12 97
17 12 98
14 19 76
17 13 63
13 20 87
14 20 98
12 10 72
15 18 55
12 17 65
16 20 90
11 20 78
14 19 100
18 17 53
17 10 84
11 18 73
14 12 69
18 13 67
19 19 62
13 13 55
20 13 57
13 12 73
20 11 66
12 20 99
12 14 75
14 13 58
11 18 55
18 12 56
16 11 75
16 19 55
16 11 97
19 16 92
11 19 50
20 20 51
18 17 91
19 20 93
16 17 72
15 10 76
13 17 87
18 19 95
20 10 55
11 15 70
13 13 91
19 12 80
17 16 73
17 15 56
12 15 99
18 14 53
18 20 59
12 12 75
17 18 88
18 10 54
13 11 86
16 12 73
12 14 73
10 18 82
17 10 66
14 14 87
14 19 66
16 16 88
18 11 84
13 11 82
15 18 90
14 14 58
18 14 52
11 18 83
17 17 86
16 20 67
10 14 91
14 20 79
17 11 59
14 12 66
14 20 79
12 20 91
12 17 75
17 18 55
19 20 51
11 11 69
13 12 72
11 11 87
20 17 66
19 18 98
17 11 81
14 18 65
20 18 71
16 14 74
19 10 67
17 13 79
12 16 60
16 18 53
18 10 54
20 20 80
12 13 53
14 20 73
16 13 88
15 19 94
20 20 82
11 15 80
10 10 75
10 20 85
15 17 77
14 11 76
18 19 73
20 12 57
11 19 58
14 12 89
15 17 76
16 11 60
20 17 92
12 13 94
20 13 96
13 14 74
20 20 67
17 11 50
17 17 52
18 15 67
20 17 91
18 17 59
18 14 64
15 19 52
19 13 65
19 20 77
17 14 76
16 17 75
11 10 91
19 12 55
16 10 65
14 15 66
16 16 97
16 12 88
12 19 86
14 17 67
14 13 60
10 12 87
11 18 87
15 15 91
18 16 58
16 11 76
19 12 91
12 19 85
15 14 80
17 15 53
16 11 96
15 20 93
20 20 74
18 12 67
10 19 72
11 16 67
10 20 88
18 20 65
20 14 61
10 17 94
20 10 76
12 17 50
18 20 68
17 19 63
17 17 72
12 11 85
15 13 53
15 18 85
12 15 76
10 19 95
20 17 60
16 18 82
18 14 92
19 17 63
10 16 76
12 14 61
19 10 91
15 14 100
16 14 72
18 10 71
15 15 95
14 14 79
16 18 81
13 16 70
12 16 83
13 19 82
19 11 75
19 15 69
18 10 98
20 20 83
17 11 77
20 15 96
11 18 63
12 14 88
17 17 93
12 14 62
11 12 100
18 15 76
19 14 75
18 11 57
17 19 72
14 20 66
18 11 59
18 12 51
13 10 77
14 10 62
20 10 92
14 15 95
13 18 97
20 10 64
10 20 52
13 13 51
16 11 67
18 17 51
11 10 89
14 12 61
17 10 74
17 13 77
13 18 61
11 11 54
16 13 94
11 14 69
19 11 73
12 18 50
16 18 51
18 10 71
19 13 67
12 15 50
17 14 53
18 19 74
10 10 72
18 12 70
18 14 71
14 13 59
16 12 96
19 19 66
20 19 51
13 18 84
16 14 64
11 14 79
17 20 81
16 13 67
20 17 99
19 20 93
15 19 72
17 15 97
15 11 91
18 10 97
13 20 52
15 16 81
10 16 57
15 13 83
17 14 69
14 14 82
16 16 95
15 11 91
15 11 64
12 11 71
16 16 68
19 19 69
12 13 88
14 13 70
20 10 63
12 19 70
10 15 88
12 10 88
14 10 62
15 18 69
16 18 75
11 15 76
10 13 51
15 14 90
12 16 95
13 14 79
14 18 86
15 18 67
17 12 66
18 16 80
10 17 90
11 19 64
14 16 70
19 15 77
17 11 85
16 15 81
12 11 55
12 19 71
20 14 76
20 12 89
10 19 84
10 15 95
16 18 95
14 18 82
16 12 73
20 15 65
19 19 76
20 18 71
16 12 67
10 15 51
20 17 82
13 12 84
16 16 83
19 16 73
11 13 76
15 12 78
16 16 90
13 11 80
17 18 61
11 19 96
11 12 69
20 14 97
13 12 50
19 16 71
19 15 53
18 16 75
19 11 51
15 10 92
17 12 79
13 18 89
14 17 91
11 10 80
18 17 69
10 11 100
12 11 52
10 20 88
16 16 52
13 10 96
14 18 75
15 13 67
20 19 74
20 19 60
20 15 57
11 10 94
20 15 53
18 16 58
11 14 79
11 20 88
13 16 57
12 20 81
15 19 87
17 10 94
19 13 63
19 10 51
20 12 87
14 12 73
11 20 93
19 16 52
16 19 84
18 20 72
19 10 87
12 14 77
11 11 58
16 19 88
14 20 58
19 12 76
18 13 99
11 17 70
20 17 100
18 13 62
14 18 95
10 11 73
12 14 70
17 19 75
15 15 57
12 10 68
10 12 59
13 14 59
11 17 61
14 18 91
14 17 77
12 13 54
16 16 81
14 13 71
18 14 95
14 14 78
17 15 90
16 10 91
13 17 81
18 17 52
20 11 90
15 17 78
20 10 88
13 14 94
20 16 51
14 15 74
11 14 71
20 16 54
12 17 71
15 20 69
14 15 99
11 16 61
13 13 90
12 11 85
10 13 54
14 10 100
20 12 57
13 11 72
11 19 78
10 16 54
14 18 85
13 14 77
12 16 70
15 15 91
19 14 96
14 16 95
11 19 83
12 18 85
10 11 94
19 12 69
12 13 83
19 18 92
16 17 83
17 18 61
16 16 81
17 16 97
10 10 94
14 20 68
12 10 88
10 17 100
10 11 82
18 20 72
13 18 65
16 19 72
11 14 57
18 17 53
20 12 69
19 15 88
19 11 75
18 15 91
20 11 63
18 16 94
12 18 57
17 10 58
18 20 86
12 17 91
17 11 68
10 14 71
18 11 59
19 10 80
13 14 74
15 20 92
17 13 56
20 14 100
11 13 64
17 17 94
12 20 53
13 16 90
15 12 64
14 17 86
10 12 91
11 17 90
17 19 100
13 15 67
19 14 74
16 19 71
20 10 60
12 15 89
16 13 69
14 12 52
11 14 66
20 16 86
14 14 81
15 12 67
12 20 82
12 19 99
15 12 83
20 14 57
12 10 92
14 10 68
11 11 85
11 11 61
19 17 52
17 12 70
20 16 58
14 15 100
18 15 54
16 10 71
20 19 72
16 16 74
12 20 64
12 11 81
13 10 91
14 20 90
13 11 98
12 10 76
17 11 59
10 12 55
13 20 62
17 19 89
11 12 58
10 13 57
14 17 82
20 20 86
13 17 52
14 11 57
13 11 89
12 13 94
17 17 95
17 10 88
15 18 77
18 11 86
13 20 52
12 11 75
13 14 83
19 20 71
17 11 92
15 17 98
11 18 82
18 15 60
15 14 82
19 12 86
10 12 80
15 16 53
13 20 62
14 11 77
11 16 90
17 18 94
17 11 57
20 12 74
15 10 78
13 19 81
16 13 87
19 19 70
10 15 53
20 12 61
16 16 93
11 15 84
19 17 88
10 20 78
17 17 76
18 14 75
15 16 98
14 15 72
18 16 60
18 17 86
10 15 70
20 11 77
16 17 96
13 11 79
11 12 80
19 14 74
15 15 79
15 13 79
18 17 54
16 11 98
19 14 69
11 15 69
11 12 73
14 16 76
17 19 97
15 12 62
14 12 64
17 18 60
10 15 94
12 19 78
18 13 74
18 19 77
16 10 52
20 19 76
16 12 85
16 15 69
15 16 85
20 17 56
10 11 74
17 18 65
10 11 54
18 19 56
16 18 66
16 14 98
20 17 98
16 14 61
16 15 73
19 14 75
18 18 96
11 18 71
16 20 98
20 15 71
19 11 95
14 10 92
12 13 99
14 14 54
18 12 64
13 13 95
13 15 87
19 18 69
17 14 72
12 10 73
15 19 99
13 18 90
12 11 83
17 10 99
19 13 52
11 18 74
18 15 77
17 19 72
11 14 83
14 17 77
19 15 57
18 17 64
12 10 80
11 14 70
12 16 58
17 20 77
20 14 78
12 11 83
10 19 66
10 12 65
11 15 76
18 19 78
19 10 92
16 11 77
10 19 59
11 14 65
19 16 92
15 12 81
11 10 59
15 15 50
16 13 67
14 15 55
17 19 72
17 10 58
11 14 51
17 18 89
16 11 76
14 11 85
13 15 83
17 12 88
10 10 51
14 13 69
17 16 91
12 17 53
18 19 55
13 20 93
12 15 64
12 11 76
20 11 73
17 11 73
13 12 71
19 13 58
16 18 98
10 19 95
15 16 61
20 17 69
18 16 87
18 12 81
20 18 97
18 18 93
11 13 86
20 20 80
14 19 75
11 15 55
18 11 81
19 14 56
16 15 90
11 10 64
15 10 75
19 16 100
15 12 100
14 18 61
10 13 67
13 18 89
14 17 52
17 20 52
13 14 84
20 19 64
19 15 85
19 12 59
14 20 80
17 13 69
16 16 72
16 12 93
18 15 60
11 10 59
11 11 89
16 10 64
16 20 60
12 14 99
17 14 62
12 14 51
18 16 77
19 12 82
14 17 52
14 14 69
19 13 93
12 17 50
16 17 57
17 19 68
18 14 87
18 12 63
17 14 61
20 16 74
11 18 96
18 11 61
16 10 69
11 18 52
16 19 55
17 20 97
13 11 73
12 11 75
11 15 66
16 14 83
13 11 83
15 18 72
17 20 75
20 15 71
18 12 65
17 18 58
20 20 77
11 16 85
17 14 77
13 17 72
20 13 94
16 18 64
20 17 53
20 15 83
10 14 59
11 15 52
14 20 96
20 17 90
18 19 94
17 17 64
18 18 51
15 20 98
17 17 99
14 14 84
19 13 59
17 17 50
17 15 86
18 20 93
15 15 68
20 19 94
11 17 86
20 20 58
16 18 86
18 15 62
18 20 66
11 18 74
17 16 52
17 10 69
18 10 90
17 13 59
10 10 87
16 14 74
16 18 85
11 19 64
18 15 72
11 19 81
15 14 88
14 11 68
18 14 61
14 11 78
14 11 92
18 19 59
18 19 63
11 17 84
12 10 51
13 11 84
16 20 86
13 18 60
13 11 81
16 15 66
20 17 61
18 12 98
11 15 57
13 16 90
10 16 68
17 14 91
14 14 88
15 13 54
19 12 90
17 15 84
18 10 88
10 14 79
13 12 67
17 18 92
14 14 97
15 17 88
15 20 80
13 17 99
14 20 87
10 13 52
12 18 51
12 10 72
19 15 91
20 12 93
10 17 62
11 12 95
12 16 92
12 18 92
14 15 90
17 11 60
16 19 52
11 18 72
11 15 72
11 20 95
14 12 89
15 13 85
17 16 97
12 14 83
12 16 61
13 16 81
15 19 51
15 16 90
14 12 60
17 17 87
11 10 75
10 11 74
10 15 97
16 10 64
19 20 64
12 14 59
13 19 66
14 19 83
13 12 65
11 14 66
10 19 53
16 18 80
19 11 69
13 13 61
19 13 68
17 11 62
10 19 51
14 19 54
18 15 91
12 17 91
11 18 55
16 14 69
12 13 64
16 20 68
11 11 50
19 17 89
13 18 60
16 15 70
12 10 60
14 17 50
18 15 57
13 18 71
20 16 94
13 18 64
16 10 92
10 12 87
19 13 90
17 14 71
18 10 57
15 14 56
12 11 99
11 19 78
11 18 83
20 18 61
18 17 83
13 13 92
16 16 90
16 17 94
16 18 83
11 14 81
11 14 77
18 17 93
20 20 72
11 10 55
18 17 86
14 11 60
16 20 68
11 16 74
17 14 55
16 18 65
11 11 93
15 12 91
20 10 81
19 13 76
10 16 97
18 14 85
12 18 82
20 14 59
15 10 58
13 10 69
13 14 99
17 14 84
11 17 76
16 13 61
12 18 99
16 14 68
12 13 97
12 18 68
20 13 89
19 19 57
15 15 98
12 19 51
14 19 75
20 13 96
13 16 86
14 17 52
15 10 53
19 10 87
14 11 72
13 17 73
17 10 50
19 20 93
14 16 87
17 11 59
19 12 64
15 14 81
15 10 84
17 19 97
13 20 52
15 20 54
14 18 96
14 11 50
17 10 90
16 18 84
12 18 55
18 20 57
10 16 91
12 19 70
19 20 80
12 18 58
18 13 51
13 13 80
15 13 86
11 17 57
15 19 81
14 12 93
11 13 67
10 13 80
14 14 91
20 19 57
20 15 75
15 11 93
13 17 94
13 17 55
14 12 89
16 15 83
15 11 91
10 13 57
14 17 100
14 20 99
17 19 69
10 15 77
11 13 98
15 11 75
16 15 75
11 13 72
19 15 73
19 19 96
16 12 63
11 20 82
16 15 57
13 19 68
15 18 60
16 17 93
15 16 96
19 18 64
13 18 100
11 11 67
20 14 52
15 19 82
12 17 77
11 14 78
14 18 91
18 12 83
10 17 79
15 15 73
13 19 64
19 18 65
18 15 67
16 12 62
15 17 73
13 19 56
11 13 79
17 20 83
13 15 57
15 12 54
12 14 81
17 12 97
14 16 91
10 17 66
13 11 85
12 12 74
14 17 63
13 18 61
13 17 60
12 13 61
15 18 73
17 12 90
14 19 50
16 20 80
13 13 65
19 18 95
13 12 68
20 10 93
20 10 67
11 11 64
12 10 74
18 13 75
11 13 68
13 14 93
13 16 56
20 14 77
12 13 84
19 19 75
20 15 54
19 18 67
18 18 97
10 11 50
20 18 57
12 10 86
10 19 74
11 11 52
17 12 63
17 12 91
19 18 66
17 11 57
11 18 77
12 12 99
13 14 96
19 10 81
18 17 96
13 20 90
13 12 58
14 16 88
20 14 83
11 18 94
14 16 63
13 17 69
15 19 73
20 16 54
16 13 70
10 12 83
19 13 97
18 14 72
14 10 88
12 19 88
13 12 89
13 18 100
10 11 95
13 20 56
19 18 69
15 12 78
14 10 91
14 20 98
15 20 96
10 17 68
11 10 71
18 10 76
13 15 67
14 19 87
12 13 75
20 13 58
16 20 92
20 16 66
14 11 61
11 18 89
16 14 70
13 14 61
20 18 73
17 18 60
13 17 78
10 11 86
11 12 92
18 17 92
20 10 52
11 14 54
19 19 58
14 16 50
18 10 73
16 11 69
19 10 59
13 14 81
12 20 83
13 16 100
15 13 72
18 13 82
11 11 60
19 15 100
18 14 75
11 14 69
11 17 52
19 19 96
19 15 81
13 12 54
15 18 53
18 19 82
12 16 52
10 14 59
16 13 100
20 16 70
17 13 93
19 10 78
18 18 57
17 19 95
13 17 71
16 15 69
19 18 88
18 11 100
18 12 65
17 14 53
15 18 73
18 19 65
16 18 75
19 17 59
10 10 77
20 17 72
12 20 100
19 14 78
11 11 56
13 17 58
13 17 71
16 14 85
20 14 65
11 13 81
10 11 62
12 17 66
20 13 94
20 16 72
11 16 63
18 12 83
15 16 51
19 12 61
15 17 85
10 18 69
11 13 70
19 13 54
19 14 71
14 14 62
11 14 70
15 11 75
14 19 98
17 12 66
18 14 72
13 20 79
10 13 72
11 16 74
17 15 62
14 12 52
20 11 99
20 10 97
20 14 94
17 16 57
10 12 50
20 17 66
11 11 94
14 10 88
13 16 88
13 18 78
14 12 78
18 20 89
14 17 98
16 19 96
11 19 72
11 16 81
12 13 75
14 15 69
12 12 84
12 16 72
10 19 66
13 16 89
17 18 90
12 10 79
11 18 65
20 10 93
17 10 93
14 15 75
11 12 65
13 14 74
12 18 59
20 16 81
17 17 58
17 11 86
16 15 62
10 17 70
19 12 88
16 18 72
16 12 85
11 15 62
18 16 87
10 10 88
20 13 66
14 18 82
14 15 97
11 17 90
14 16 75
15 15 65
11 15 81
16 16 83
14 15 85
10 19 78
20 10 98
18 20 94
10 17 51
16 13 68
20 18 99
11 14 58
16 20 64
13 20 66
18 19 80
10 17 51
11 20 64
15 15 61
16 16 82
15 13 52
17 18 98
19 10 95
12 17 99
14 17 62
12 18 65
16 16 81
17 10 82
14 16 84
18 12 99
10 20 56
19 20 97
12 12 65
14 18 99
15 20 70
12 12 98
19 11 80
11 18 52
10 10 75
13 18 79
13 14 96
11 19 84
13 20 53
20 20 98
11 12 64
10 15 60
16 18 93
18 20 80
11 13 61
16 16 76
20 17 53
12 16 86
14 19 78
18 14 91
15 16 54
10 10 98
16 14 79
18 12 74
19 17 84
20 14 70
10 15 100
14 19 50
20 12 65
11 12 99
11 16 88
15 18 87
20 14 68
17 19 63
13 10 62
18 17 98
14 19 50
10 14 85
13 11 52
11 19 64
18 18 58
17 10 92
12 13 97
14 16 83
16 18 52
14 19 50
12 16 75
15 17 75
14 18 73
11 20 80
20 19 51
16 15 92
16 16 52
18 12 90
13 20 60
17 10 71
16 10 85
14 18 70
18 10 91
18 17 54
13 18 59
10 12 66
14 11 68
19 19 72
10 13 100
16 20 94
18 18 65
16 16 85
17 11 85
11 20 74
14 20 82
18 10 82
15 17 66
19 12 68
17 18 61
11 17 55
16 11 77
11 17 88
19 20 61
17 14 83
20 20 67
10 12 92
14 19 81
17 10 90
11 20 68
17 19 85
11 17 61
14 13 60
18 16 57
20 19 82
12 11 64
16 15 61
19 18 59
10 17 85
19 20 53
13 19 75
13 19 87
18 18 85
19 11 92
15 11 86
11 13 94
12 16 53
18 17 90
19 20 91
19 20 73
13 18 50
15 19 96
17 20 95
19 20 84
17 18 77
18 18 58
12 15 53
15 19 86
19 14 79
16 11 94
15 14 93
16 10 65
10 16 76
17 12 70
15 12 83
13 15 77
20 20 97
19 16 52
15 11 69
20 16 73
13 11 83
15 20 97
13 19 67
13 15 53
15 14 75
17 15 96
12 20 77
12 11 86
18 19 66
12 11 64
17 12 73
15 11 99
14 20 84
13 12 73
16 13 78
13 17 66
16 12 60
18 18 54
15 19 60
20 18 77
16 17 79
17 12 68
19 18 99
17 16 96
13 18 82
13 13 61
19 11 62
18 16 56
11 15 86
15 14 50
14 13 68
18 17 68
14 11 85
10 18 64
12 14 96
19 17 89
20 19 56
11 11 94
10 19 91
12 16 79
10 13 95
16 10 58
19 15 73
17 20 82
19 14 87
13 20 88
12 10 92
16 12 59
17 17 73
20 13 64
14 20 67
10 11 78
18 15 71
16 18 78
10 10 50
16 14 50
17 10 61
17 18 64
20 20 89
13 17 95
20 16 93
15 10 79
10 18 69
15 14 74
15 19 97
15 12 67
11 13 71
20 16 97
12 16 59
20 18 83
13 17 93
20 11 95
10 15 61
12 15 83
15 10 94
12 13 80
14 10 67
13 14 59
10 13 65
11 18 98
10 12 96
13 19 76
15 11 88
11 18 95
17 19 80
12 14 76
16 15 59
18 14 75
18 18 73
12 20 52
15 17 90
12 10 71
13 18 96
15 18 77
14 13 65
18 16 82
11 18 79
14 19 89
19 20 75
15 19 94
19 19 87
17 17 80
10 19 64
18 16 53
20 19 77
11 14 58
15 14 64
20 13 96
19 19 84
14 11 75
14 16 99
20 15 97
20 12 66
19 16 100
17 14 88
10 16 95
20 13 53
11 18 66
16 12 80
14 15 84
16 16 66
20 14 63
19 10 61
18 15 96
10 20 65
17 18 66
15 10 54
17 15 71
17 20 62
18 14 72
14 16 84
19 15 78
14 14 65
17 19 87
12 11 54
10 20 63
16 20 74
13 18 69
17 15 96
18 13 57
11 15 70
13 17 76
19 16 71
20 13 75
13 10 98
10 14 52
17 19 100
20 12 65
17 10 77
13 10 92
19 18 86
15 14 79
20 11 81
18 20 52
15 20 61
15 18 78
16 13 67
16 12 61
20 17 75
10 12 99
17 14 86
16 17 97
12 13 51
15 12 100
16 14 76
18 17 66
16 17 80
16 13 51
17 12 86
11 18 86
16 10 68
19 11 55
10 18 86
18 19 60
20 10 51
12 16 65
19 14 74
13 11 56
18 11 94
15 18 100
14 11 56
20 20 50
19 19 78
11 15 56
14 13 92
18 19 93
14 13 91
14 17 92
13 12 51
18 10 73
18 12 83
19 20 84
13 17 50
15 10 100
15 20 86
20 14 60
20 12 78
12 19 86
14 14 88
16 15 79
19 10 73
18 14 96
15 19 53
19 11 72
15 15 97
12 13 81
14 15 95
18 10 90
17 20 56
16 12 58
14 14 80
11 12 100
19 18 78
11 20 54
19 16 84
11 18 62
11 18 60
20 15 69
15 11 66
15 20 98
16 17 94
15 19 88
19 14 97
11 18 76
11 10 62
13 13 83
16 12 92
12 11 96
10 20 73
12 15 98
11 10 85
15 12 85
19 17 64
10 20 71
18 10 99
12 11 75
17 13 69
20 16 77
19 13 61
17 10 54
20 15 71
11 16 53
14 18 66
16 17 59
19 19 83
12 12 87
10 18 86
18 14 56
11 17 57
13 16 75
17 11 70
13 17 89
17 19 78
15 15 88
16 14 62
11 16 57
14 15 86
10 17 60
15 13 79
20 16 96
14 11 68
20 17 99
20 18 76
18 18 57
16 13 52
11 10 80
20 19 63
20 12 95
18 18 73
13 20 77
19 14 93
19 16 100
12 17 52
10 12 63
17 16 90
13 18 67
14 12 53
11 18 78
18 11 78
12 19 93
16 18 56
14 12 90
20 20 52
13 16 93
18 15 51
16 18 75
15 14 63
15 20 72
15 17 56
15 19 62
15 14 87
11 16 56
14 14 99
13 16 64
19 15 75
13 20 74
14 10 67
12 11 71
14 12 75
17 15 53
20 17 82
18 18 87
13 19 71
14 13 95
14 17 87
17 20 69
15 19 98
10 16 99
11 16 74
10 15 84
19 13 53
13 10 58
11 11 79
11 20 86
19 10 69
15 18 74
10 15 94
12 17 72
18 12 99
18 20 61
18 15 93
19 19 52
14 10 77
16 11 94
16 18 54
17 11 93
19 20 75
20 12 78
19 10 96
13 13 86
12 10 50
12 15 73
12 10 89
12 18 83
19 20 81
15 13 71
11 13 58
11 10 72
17 19 54
19 19 56
14 10 87
16 17 55
14 15 56
17 10 96
14 12 88
11 20 75
12 10 59
18 13 85
12 13 89
18 20 74
10 19 80
19 10 63
14 20 62
14 10 55
19 15 68
13 17 97
17 20 76
16 10 80
14 19 60
10 16 77
16 12 87
13 18 54
12 12 53
20 11 67
18 15 56
11 10 50
16 10 89
15 10 98
18 13 89
16 19 60
17 11 66
18 20 66
19 14 85
19 16 62
14 14 60
12 20 66
19 11 64
10 17 97
20 10 51
15 20 81
20 17 69
18 14 92
14 18 76
10 19 64
11 13 82
12 14 90
14 12 97
19 12 60
19 16 63
10 11 77
18 11 80
13 10 84
15 13 57
18 19 68
12 13 74
10 10 99
20 13 97
13 17 70
18 20 62
12 17 77
10 18 70
17 17 80
11 10 89
18 20 72
13 11 56
19 17 97
16 19 75
11 16 83
14 10 79
13 12 80
15 19 52
15 12 91
13 17 67
18 20 75
16 13 100
14 19 84
19 14 67
16 14 96
10 16 97
15 16 56
18 15 72
13 12 75
11 15 84
14 19 50
14 12 83
15 11 84
12 17 67
15 18 57
10 17 90
10 15 53
20 10 95
19 19 75
18 10 91
18 12 60
12 15 79
15 12 81
13 17 87
10 15 88
17 13 63
15 20 95
18 13 81
10 19 61
15 19 57
12 20 84
12 17 80
12 12 71
20 12 50
15 15 69
15 14 67
16 16 83
11 13 72
19 19 56
18 13 63
19 12 83
12 19 90
13 13 51
12 18 90
20 20 69
13 15 57
14 15 51
18 18 91
15 15 99
10 10 73
20 12 67
10 11 97
13 20 79
11 10 74
10 10 87
12 14 58
16 10 80
11 15 76
15 11 99
14 17 72
16 13 74
16 20 93
12 15 98
17 16 63
12 16 55
16 16 59
10 10 69
13 14 63
10 10 94
15 13 62
13 15 66
20 13 62
17 15 84
11 18 85
14 14 73
20 14 72
17 10 64
11 11 64
10 13 77
15 19 55
18 10 61
10 17 63
14 15 81
11 17 74
13 10 95
10 15 52
17 11 78
14 15 93
14 16 83
14 20 81
11 14 95
13 12 99
17 14 55
16 13 56
16 20 55
10 13 53
16 19 65
18 17 99
20 18 78
19 13 55
19 10 88
13 15 50
12 14 59
18 18 59
18 13 58
18 20 72
18 12 90
18 18 98
16 12 78
19 10 77
13 12 73
13 16 53
16 10 59
15 15 56
13 18 85
20 10 65
10 19 71
18 16 82
11 20 56
17 20 76
15 17 59
15 11 87
13 18 68
13 15 82
19 13 79
14 11 77
17 20 95
15 10 57
10 17 64
20 11 53
20 10 79
18 16 99
10 15 70
11 12 82
15 10 54
11 12 90
20 18 100
11 12 59
17 18 73
12 11 61
18 11 89
17 11 68
20 19 87
12 14 73
20 17 94
16 12 57
12 19 94
18 12 82
19 16 91
11 20 89
19 14 64
11 17 84
19 20 52
13 16 57
20 19 66
20 10 64
17 10 83
16 12 83
16 14 90
17 16 52
16 12 83
17 20 57
17 19 56
14 19 62
16 19 56
12 13 51
20 16 91
10 13 81
11 11 99
12 11 81
18 10 88
19 19 60
20 14 76
15 19 58
19 15 82
14 14 55
11 12 84
15 18 62
17 18 56
12 19 60
18 16 80
20 10 60
14 18 53
15 17 64
10 10 92
19 14 71
14 10 60
14 14 66
14 20 69
18 16 74
10 14 77
10 10 87
20 10 65
15 14 73
14 13 75
15 19 59
17 18 84
15 18 78
20 20 84
13 18 91
18 16 73
14 18 68
15 18 85
17 15 58
20 20 97
11 12 80
13 13 54
16 14 52
10 14 71
10 12 78
12 12 64
16 12 78
17 20 62
18 14 83
17 19 81
13 16 66
12 16 100
10 13 55
14 10 82
19 15 71
13 18 71
16 20 85
11 11 51
18 10 96
13 19 53
14 14 64
11 16 58
11 16 97
15 14 54
18 13 83
20 19 97
11 18 59
18 11 64
15 13 62
14 20 62
17 13 85
18 18 97
11 16 53
12 18 93
15 10 94
16 20 93
16 20 61
20 16 100
15 17 82
11 13 51
16 12 80
20 12 76
18 13 56
17 18 80
14 18 60
13 19 86
15 18 100
13 16 72
17 14 90
14 13 77
20 11 74
20 19 75
10 13 75
11 20 51
10 18 54
18 16 50
12 20 72
10 18 95
19 18 66
16 10 92
20 11 81
17 17 67
18 11 54
15 20 89
19 16 75
12 14 100
17 14 75
15 10 89
10 20 67
15 11 81
18 10 52
17 15 66
14 13 62
17 13 87
14 12 84
11 14 100
17 16 81
13 19 51
11 12 62
13 10 64
12 16 59
13 19 62
17 17 59
17 20 57
10 13 56
12 11 72
16 14 61
12 20 58
19 13 50
18 16 89
11 18 59
13 18 84
16 10 89
12 14 70
14 14 83
15 14 90
20 20 89
14 10 60
15 16 54
12 14 56
11 18 89
15 18 80
14 12 53
19 19 95
16 15 91
13 18 98
19 11 51
11 18 83
14 18 65
16 14 88
16 13 67
15 10 65
12 18 69
16 19 97
13 17 64
20 11 76
16 19 51
17 16 96
19 20 71
19 11 73
11 14 97
13 11 67
18 19 70
12 11 84
12 14 83
16 20 77
13 10 53
12 12 62
16 10 95
20 18 90
15 15 69
15 10 91
15 20 83
10 15 64
12 12 60
15 15 91
16 14 60
19 14 67
12 15 86
19 18 93
17 12 56
14 16 55
20 16 71
11 12 100
15 12 81
12 18 52
17 11 65
18 13 59
13 20 75
18 20 76
17 11 88
18 10 100
14 13 63
14 11 72
15 13 90
10 20 90
19 11 99
10 19 53
16 20 98
12 11 51
12 16 76
13 19 99
16 20 65
13 16 77
17 12 83
16 18 57
15 20 85
11 10 99
19 15 92
17 16 93
15 16 89
12 16 50
12 18 50
15 17 98
18 18 87
17 11 70
15 12 99
11 20 95
13 17 87
18 19 58
11 20 67
18 16 60
15 14 89
10 10 57
12 12 56
16 18 77
17 19 65
10 19 79
18 17 55
15 20 70
13 11 73
19 15 72
11 12 95
15 13 73
18 19 88
14 17 64
12 10 71
15 10 50
20 10 60
16 11 78
19 11 64
11 19 97
13 19 51
14 11 95
10 18 96
15 13 54
17 13 100
17 19 66
14 17 81
13 13 76
18 12 54
13 15 79
11 11 56
20 15 69
19 13 82
19 19 81
12 10 87
11 18 94
10 10 71
13 13 62
20 14 56
15 11 93
13 18 54
10 14 81
18 15 79
11 17 51
10 19 50
16 19 96
10 13 84
10 20 94
19 11 74
13 20 92
17 15 88
20 13 61
18 16 70
16 16 69
17 10 59
17 19 70
12 10 91
16 17 91
18 16 80
13 17 62
13 17 76
17 14 76
15 16 68
13 15 81
18 11 57
14 10 91
15 19 85
14 17 54
17 13 98
17 16 66
20 18 97
17 11 83
13 11 87
20 15 65
16 16 57
13 20 86
20 18 64
13 10 70
10 20 68
19 17 80
11 12 52
12 17 50
16 11 77
18 16 56
11 16 90
15 18 68
20 13 97
17 18 72
15 12 79
17 15 58
15 17 77
11 20 74
14 17 60
17 11 66
12 20 98
19 14 80
16 18 63
16 13 96
15 10 58
15 20 54
18 11 78
10 10 52
12 15 93
14 15 80
17 13 92
12 16 97
18 20 65
16 15 89
17 12 53
18 15 60
15 14 63
11 14 85
14 17 70
10 18 92
11 18 69
14 15 66
16 15 93
13 16 96
15 12 50
16 15 63
15 13 64
17 16 89
14 12 84
11 13 84
17 16 53
16 10 66
13 12 64
14 15 59
17 15 91
12 12 94
11 15 98
12 18 53
16 17 67
17 17 100
19 20 99
16 10 79
20 12 78
14 18 76
19 12 64
10 18 64
17 12 52
15 14 55
12 13 73
13 18 60
17 17 96
18 16 75
15 11 89
15 13 66
12 18 68
16 19 86
14 16 71
19 10 86
15 11 83
19 14 86
11 16 82
12 11 63
19 13 66
11 11 92
16 18 60
19 13 70
12 13 83
18 16 96
17 20 78
14 15 72
16 10 100
19 17 70
20 12 84
15 17 85
10 16 63
10 13 87
13 12 92
15 12 63
14 15 74
11 10 57
20 19 86
19 10 80
11 20 53
13 12 96
15 13 74
18 12 65
14 20 63
19 16 84
20 19 87
10 11 70
19 12 66
18 16 73
10 14 52
18 19 98
14 20 59
10 20 66
19 10 96
14 17 62
14 15 82
11 20 61
13 12 77
18 18 61
12 16 100
14 18 57
18 15 64
10 16 57
13 19 79
11 19 84
19 14 68
10 19 88
14 14 94
10 17 52
20 15 97
13 16 56
16 19 76
17 15 82
13 14 56
12 10 97
10 15 65
11 18 52
19 13 93
14 15 53
14 13 84
12 14 58
18 18 94
20 17 64
11 11 51
17 11 81
18 12 51
18 16 51
15 18 50
20 20 81
19 10 88
19 19 81
14 10 83
11 20 65
20 15 90
12 12 87
15 15 62
10 13 74
12 20 90
13 10 71
12 16 97
20 20 65
12 11 84
20 13 89
17 15 79
19 16 55
11 15 90
17 18 93
13 12 50
17 14 67
19 10 90
12 17 65
10 17 74
10 17 68
15 14 53
20 14 68
20 11 59
19 11 63
11 18 92
15 15 71
13 12 100
20 17 93
20 11 62
17 10 73
17 10 72
13 19 58
10 14 89
20 12 76
13 17 62
17 17 76
16 12 73
10 11 79
12 15 98
13 12 60
15 17 76
13 20 83
14 15 92
16 19 83
15 12 69
11 14 100
16 15 52
19 17 67
16 13 98
16 16 100
15 15 52
11 10 98
11 10 67
10 10 72
19 16 53
16 16 59
17 16 61
15 10 93
11 12 89
13 11 87
16 11 55
12 13 75
18 13 80
18 19 53
10 18 59
12 18 74
16 17 93
18 11 93
10 16 57
20 16 74
11 14 89
13 15 88
15 10 52
13 19 79
13 19 60
15 10 92
10 14 100
13 19 78
14 20 92
15 14 79
13 19 89
20 18 54
18 14 59
20 12 51
15 13 100
10 18 58
20 10 51
20 19 84
19 11 68
16 16 65
19 16 82
11 17 72
14 20 86
18 18 84
17 14 63
10 11 78
14 16 67
18 18 85
12 11 69
13 11 57
12 13 60
11 19 91
12 18 52
10 11 69
17 16 52
15 16 91
13 16 86
16 11 95
18 16 60
16 15 95
13 14 57
11 11 81
13 20 79
18 20 83
12 13 86
15 12 68
19 18 50
16 10 94
18 18 62
17 19 50
15 19 100
16 16 59
17 12 91
17 15 86
15 17 52
14 10 78
19 10 58
10 11 63
10 17 91
16 15 86
20 14 85
13 18 95
11 11 80
12 10 63
14 12 99
13 11 92
14 15 78
18 20 81
13 16 61
10 16 88
15 19 53
10 14 57
19 18 80
11 11 68
18 18 66
19 19 61
20 12 73
16 17 68
17 17 95
12 15 51
13 15 71
13 15 84
20 18 94
13 11 82
20 20 68
13 10 85
10 14 92
12 18 64
10 19 63
20 15 79
17 17 76
19 20 100
18 12 81
13 13 76
10 14 67
20 19 72
18 18 84
12 18 59
15 11 78
12 10 75
14 10 96
11 13 98
18 13 85
18 20 50
13 15 86
11 20 51
20 19 93
20 14 78
18 20 89
20 14 99
13 13 90
10 13 75
19 12 92
18 12 68
15 14 81
11 10 52
19 19 64
10 20 88
14 20 72
19 19 61
17 12 87
11 20 63
12 10 57
19 14 97
14 19 89
11 18 83
19 10 98
13 17 71
17 13 53
11 11 98
10 19 100
14 19 93
14 17 60
10 15 94
13 13 52
12 13 69
20 15 97
17 12 61
13 18 82
11 14 98
16 16 85
17 14 74
18 19 58
16 16 92
13 11 65
16 16 54
11 17 93
14 17 81
10 16 88
12 19 88
19 11 85
12 18 54
15 15 69
16 15 65
13 13 87
19 13 81
17 13 89
10 17 68
11 10 59
14 11 64
18 13 100
20 18 72
10 18 77
12 17 97
14 14 53
20 11 77
12 11 59
14 15 63
12 18 76
12 16 60
20 15 70
17 17 64
13 17 96
13 16 76
12 13 75
11 17 94
15 19 71
14 12 58
17 13 60
15 20 65
13 19 67
10 18 50
10 10 62
16 17 88
13 20 61
18 11 64
17 14 83
16 12 89
13 18 57
14 19 83
14 13 54
17 13 58
15 18 62
15 10 99
14 14 84
15 15 70
12 19 99
11 15 98
12 10 87
17 10 90
18 20 68
11 18 78
18 15 99
16 14 99
18 20 75
20 17 100
10 17 51
19 17 51
11 17 91
19 16 50
19 11 72
11 13 95
20 10 68
15 19 61
12 14 52
13 18 68
20 19 59
16 17 82
19 15 88
18 16 68
13 20 62
10 12 62
15 20 80
11 16 78
16 14 61
13 15 60
17 15 93
13 11 89
11 18 68
20 13 89
10 11 88
17 16 56
18 16 52
17 14 98
